      361.55363       359.81886       360.02590
      337.00000       336.34194       337.93313
      343.00000       341.00000       341.95888
      338.49265       340.29515       338.41940
      357.00000       358.05373       356.03746
      359.00000       358.05373       357.00000
      335.00000       336.34194       335.00000
      359.79652       361.55766       361.55509
      354.15802       353.05335       355.10727
      338.69669       337.93871       339.92048
      340.86039       338.64915       339.97863
      351.00000       353.05335       352.06826
      336.34194       336.64205       335.00000
      336.34194       335.00000       337.00000
      335.00000       336.34194       335.00000
      342.88288       344.92648       343.96960
      336.75674       336.80097       338.52258
      347.03812       347.51803       348.89911
      358.31717       357.67658       356.27548
      354.02547       353.00000       355.00000
      351.00000       352.00000       353.08743
      351.01045       348.89911       349.95610
      336.34194       337.00000       335.00000
      335.00000       336.73156       335.00000
      343.71544       344.72775       345.63502
      360.02590       361.29030       361.55363
      358.31717       356.27548       357.14246
      355.25383       353.08743       354.31333
      363.29030       365.00000       365.00000
      336.70970       336.73156       338.46551
      343.73761       345.39668       345.65490
      345.65490       346.86000       344.77471
      350.00928       348.95970       347.95441
      344.72775       343.79799       345.87459
      348.89911       347.90784       347.03812
      348.89783       347.51803       347.06950
      359.67202       359.64422       361.47070
      343.79799       342.41488       341.74096
      341.97237       343.00000       343.97854
      341.95789       343.64830       341.97481
      359.73921       359.81886       361.54604
      361.55363       363.28005       361.54604
      363.19903       365.00000       363.35795
      363.28005       363.29030       361.54604
      357.67658       358.31717       359.81886
      365.00000       365.00000       363.29030
      359.14037       360.02590       358.31717
      338.52930       338.52258       340.32798
      350.00000       351.00000       352.00000
      342.41488       343.79799       344.72775
      341.97237       341.00000       343.00000
      342.07737       343.77758       342.50061
      358.00996       359.76927       357.93984
      361.30331       363.19903       363.35795
      356.03746       355.00000       357.00000
      357.14246       359.14037       358.31717
      338.46551       336.73156       338.49381
      346.97826       347.95441       345.87459
      343.97854       344.93211       342.88951
      361.00000       360.07060       359.00000
      359.81886       361.55363       361.54604
      363.37311       362.05358       363.65806
      361.29030       362.05358       363.37311
      355.06458       354.00000       353.01945
      347.90784       348.89911       349.96137
      346.86000       347.90784       348.94298
      342.88288       341.75625       343.79953
      338.49381       336.73156       336.74091
      352.00000       351.00000       349.96137
      351.00000       353.08743       352.01457
      353.05335       351.00000       352.00000
      349.96137       348.94298       347.90784
      349.95610       348.89911       347.51803
      343.64830       345.38071       345.39668
      354.50348       352.38545       352.87520
      343.73761       343.64830       345.39668
      351.01045       349.95610       352.38545
      335.00000       336.70970       336.72706
      339.92048       341.00000       341.97237
      336.75674       335.00000       335.00000
      338.69669       336.64205       337.93871
      358.31717       360.02590       359.81886
      356.26589       356.28931       354.50348
      365.00000       363.29030       365.00000
      345.65490       347.90784       346.86000
      347.03812       345.65490       345.39668
      347.03812       347.90784       345.65490
      336.34194       337.93871       336.64205
      340.06543       338.52258       338.69669
      344.72775       343.71544       342.41488
      360.07060       361.00000       362.05358
      360.02590       359.14037       361.29030
      361.53964       361.55766       359.78294
      365.00000       363.29030       363.29030
      365.00000       363.29030       365.00000
      361.55363       363.29030       363.28005
      361.29030       363.29030       361.55363
      365.00000       365.00000       363.28005
      349.00000       348.00000       347.00000
      355.10727       356.27548       354.15802
      354.02547       352.00000       353.00000
      344.93211       346.97826       345.87459
      343.97854       343.00000       345.00000
      343.97854       345.00000       346.00000
      345.87459       343.79799       344.93211
      363.00000       362.05358       361.00000
      365.00000       365.00000       363.37311
      359.73921       361.53964       359.78294
      358.04690       359.79652       358.00996
      335.00000       335.00000       336.80097
      335.00000       336.80097       336.75674
      348.89783       351.02575       349.95610
      345.38071       347.06950       347.51803
      352.00000       352.86978       354.31333
      358.04690       358.00996       356.28931
      365.00000       363.29030       363.29030
      352.01457       349.98521       351.00000
      335.00000       336.64205       335.00000
      363.65806       362.05358       363.00000
      357.14246       356.03746       358.05373
      361.53964       359.73921       361.54604
      338.52258       338.52930       336.75674
      363.65806       363.00000       365.00000
      351.04266       353.16088       352.06997
      345.87459       347.95441       346.85702
      359.78294       358.01773       359.73921
      365.00000       363.28005       363.29030
      355.00000       356.03746       354.02547
      345.87459       346.85702       344.72775
      348.95970       346.85702       347.95441
      348.00000       346.00000       347.00000
      350.00000       349.00000       351.00000
      346.00000       345.00000       347.00000
      344.93211       346.00000       346.97826
      348.89783       347.91579       349.98528
      363.37311       363.65806       365.00000
      357.67658       359.81886       359.73921
      349.98521       348.94298       351.00000
      340.22655       341.95789       341.97481
      346.86000       348.94298       347.94346
      351.01045       352.38545       352.86978
      349.96137       351.00000       348.94298
      351.02575       352.38545       349.95610
      349.95610       347.51803       348.89783
      345.63502       347.06950       345.38071
      348.00000       349.00000       346.97826
      346.86000       345.88152       344.77471
      350.00928       351.00000       352.06826
      347.91579       346.85702       348.95970
      349.98528       348.95970       351.04266
      351.04266       352.06997       349.98528
      365.00000       363.26844       365.00000
      349.00000       350.00000       348.00000
      347.95441       346.97826       349.00000
      359.93457       358.25739       359.67202
      353.00000       352.00000       351.00000
      355.29719       354.15802       356.27548
      343.71843       345.63502       345.38071
      351.04266       352.06826       353.16088
      342.88951       341.74096       340.91509
      346.00000       344.93211       343.97854
      338.64915       337.93313       336.58866
      355.25383       354.10571       353.08743
      357.93984       357.58281       356.26839
      341.97481       340.26164       340.22655
      343.77758       342.07737       343.73761
      357.10840       356.02146       355.06458
      343.73761       342.07737       341.97481
      335.00000       336.58866       336.34194
      343.71843       343.64830       341.95789
      361.50619       361.47070       359.64422
      365.00000       363.25909       365.00000
      363.25909       361.47070       361.50619
      338.49381       336.74091       338.52930
      354.15802       353.16088       352.06826
      352.06826       351.04266       350.00928
      351.04266       348.95970       350.00928
      359.64422       357.93984       359.76927
      359.79652       359.76927       358.00996
      359.14037       358.05373       360.07060
      356.19443       354.10571       355.25383
      343.79799       342.88951       344.93211
      342.88951       343.79799       341.74096
      359.00000       360.07060       358.05373
      357.14246       356.27548       355.10727
      350.00928       347.95441       349.00000
      359.08491       360.07952       358.02763
      359.76927       361.55509       361.50619
      359.78294       358.04690       358.01773
      343.73761       341.97481       343.64830
      347.03812       345.39668       347.51803
      343.77758       344.77471       342.50061
      363.00000       363.65806       365.00000
      354.50348       352.87520       354.35446
      357.67658       355.29719       356.27548
      343.71843       345.38071       343.64830
      344.77471       345.88152       343.79953
      359.93457       359.67202       361.47742
      363.24326       365.00000       365.00000
      341.74096       342.41488       340.32798
      340.32798       338.52258       340.06543
      359.08491       359.93457       361.30331
      340.33740       342.07737       342.50061
      343.73761       345.65490       343.77758
      340.91509       341.97237       342.88951
      343.71544       342.05215       342.41488
      335.00000       336.58866       335.00000
      363.24326       363.25909       365.00000
      345.63502       343.71843       343.71544
      343.71843       342.05215       343.71544
      342.88288       343.79953       344.92648
      354.15802       355.29719       353.16088
      352.87520       352.06997       354.35446
      359.93457       359.08491       358.25739
      361.47742       359.67202       361.47070
      361.30331       361.47742       363.19903
      359.93457       361.47742       361.30331
      363.24326       363.19903       361.47742
      365.00000       363.29030       363.37311
      344.92648       343.79953       345.88152
      340.29515       340.33740       342.50061
      353.01945       352.00000       351.00000
      358.02763       356.02146       357.10840
      362.05358       361.29030       360.07060
      344.77471       343.79953       342.50061
      358.05373       359.14037       357.14246
      359.67202       358.25739       357.58281
      361.47070       363.24326       361.47742
      351.01045       352.86978       352.00000
      354.46073       352.38545       354.50348
      365.00000       363.65806       365.00000
      352.86978       352.38545       354.46073
      354.46073       354.31333       352.86978
      340.22655       340.26164       338.46909
      336.72728       338.49265       336.72503
      359.73921       358.01773       357.67658
      357.67658       356.33655       355.29719
      357.58281       359.64422       359.67202
      358.25739       359.08491       357.10840
      357.00000       355.00000       356.02146
      362.06129       363.65806       363.00000
      351.00000       350.00000       349.00000
      359.14037       360.07060       361.29030
      342.50061       341.75625       340.29515
      345.65490       344.77471       343.77758
      350.00928       349.00000       351.00000
      363.26844       363.29030       365.00000
      342.05215       341.95789       340.25216
      348.89911       351.01045       349.96137
      347.06950       345.63502       347.91579
      357.10840       355.06458       356.19443
      361.00000       362.06129       363.00000
      359.08491       358.02763       357.10840
      363.28005       365.00000       363.29030
      352.00000       351.00000       350.00000
      356.02146       355.00000       354.00000
      352.00000       349.96137       351.01045
      340.22655       338.46909       338.46551
      340.25216       340.35578       342.05215
      342.41488       342.05215       340.35578
      354.10571       355.06458       353.01945
      353.00000       352.00000       354.00000
      351.00000       349.00000       350.00000
      338.69669       336.80097       336.64205
      353.16088       355.29719       354.35446
      352.87520       351.02575       352.06997
      340.35578       338.49381       338.52930
      359.79652       358.04690       359.78294
      357.58281       358.25739       356.19443
      356.02146       354.00000       355.06458
      365.00000       365.00000       363.19903
      365.00000       365.00000       363.35795
      356.26589       354.50348       354.35446
      357.67658       358.01773       356.33655
      340.32798       340.06543       341.74096
      349.98521       351.00000       349.00000
      361.00000       360.07952       362.06129
      361.30331       362.06129       360.07952
      359.00000       358.02763       360.07952
      340.35578       338.52930       340.32798
      340.91509       340.06543       338.69669
      338.46551       338.49381       340.25216
      352.01457       353.08743       354.10571
      354.10571       353.01945       352.01457
      349.98521       352.01457       351.00000
      355.00000       353.00000       354.00000
      365.00000       363.19903       363.24326
      345.88152       346.96597       344.92648
      342.50061       343.79953       341.75625
      340.25216       338.49381       340.35578
      358.04690       356.28931       356.26589
      356.21790       358.00996       357.93984
      357.58281       357.93984       359.64422
      357.58281       356.19443       355.25383
      347.94346       349.00000       346.96597
      347.00000       345.00000       346.00000
      339.00000       341.00000       339.92048
      340.06543       340.91509       341.74096
      344.72775       346.85702       345.63502
      356.28931       354.46073       354.50348
      356.33655       356.26589       354.35446
      356.26839       356.21790       357.93984
      356.26839       357.58281       355.25383
      361.00000       359.00000       360.07952
      357.00000       356.02146       358.02763
      361.55509       363.29030       363.26844
      358.00996       356.21790       356.28931
      356.19443       358.25739       357.10840
      340.33740       338.49265       338.48460
      340.26164       338.48460       338.46909
      354.46073       356.21790       354.31333
      349.00000       348.00000       346.96597
      346.86000       347.94346       345.88152
      340.86039       341.75625       342.88288
      359.00000       357.00000       358.02763
      337.93871       336.34194       337.00000
      365.00000       363.65806       365.00000
      363.65806       363.35795       365.00000
      343.00000       341.95888       343.96960
      339.91338       340.86039       341.95888
      342.88288       343.96960       341.95888
      336.74091       335.00000       335.00000
      359.64422       359.76927       361.50619
      337.00000       339.00000       337.93871
      341.95888       341.00000       339.91338
      338.41940       338.64915       336.71082
      340.33740       340.29515       338.49265
      338.64915       336.58866       336.71082
      350.00000       349.00000       348.00000
      353.00000       351.00000       352.00000
      339.97863       338.41940       340.29515
      340.26164       341.97481       342.07737
      356.21790       356.26839       354.31333
      336.72706       338.46909       338.48460
      336.71082       335.00000       336.72503
      338.41940       339.97863       338.64915
      348.00000       347.00000       346.00000
      351.00000       350.00000       352.00000
      335.00000       336.71082       335.00000
      336.72503       338.41940       336.71082
      335.00000       335.00000       336.72728
      336.72503       338.49265       338.41940
      336.72503       335.00000       336.72728
      336.72728       338.48460       338.49265
      345.00000       343.96960       346.00000
      335.00000       336.73156       336.70970
      363.29030       363.29030       361.53964
      363.35795       363.65806       362.06129
      336.72706       336.72728       335.00000
      335.00000       335.00000       336.72706
      345.00000       343.00000       343.96960
      349.00000       347.00000       348.00000
      354.02547       353.05335       352.00000
      353.01945       351.00000       352.01457
      338.46909       336.72706       336.70970
      336.70970       335.00000       335.00000
      359.79652       359.78294       361.55766
      359.79652       361.55509       359.76927
      356.26589       358.01773       358.04690
      339.91338       339.00000       337.93313
      338.64915       339.91338       337.93313
      356.33655       358.01773       356.26589
      336.73156       335.00000       336.74091
      337.93313       339.00000       337.00000
      335.00000       336.75674       336.74091
      336.64205       336.80097       335.00000
      339.91338       341.00000       339.00000
      338.69669       338.52258       336.80097
      335.00000       335.00000       336.72503
      339.00000       339.92048       337.93871
      340.91509       339.92048       341.97237
      361.29030       363.37311       363.29030
      349.00000       348.00000       350.00000
      349.00000       350.00000       351.00000
      356.19443       355.06458       354.10571
      342.07737       340.33740       340.26164
      339.97863       341.75625       340.86039
      340.29515       341.75625       339.97863
      344.92648       346.00000       343.96960
      352.38545       351.02575       352.87520
      349.98528       351.02575       348.89783
      349.98528       352.06997       351.02575
      349.98521       347.94346       348.94298
      345.63502       346.85702       347.91579
      348.89783       347.06950       347.91579
      354.02547       356.03746       355.10727
      340.86039       342.88288       341.95888
      338.46551       340.25216       340.22655
      346.96597       346.00000       344.92648
      338.48460       340.26164       340.33740
      340.25216       341.95789       340.22655
      346.00000       346.96597       348.00000
      361.55766       363.29030       363.29030
      361.50619       361.55509       363.26844
      361.30331       363.35795       362.06129
      360.07952       359.08491       361.30331
      352.06826       353.05335       354.15802
      340.86039       339.91338       338.64915
      353.16088       354.35446       352.06997
      347.91579       348.95970       349.98528
      351.00000       352.00000       350.00000
      354.00000       352.00000       353.01945
      363.24326       361.47070       363.25909
      336.72728       336.72706       338.48460
      361.55766       361.53964       363.29030
      356.21790       354.46073       356.28931
      361.55509       361.55766       363.29030
      355.10727       356.03746       357.14246
      353.05335       354.02547       355.10727
      348.00000       349.00000       350.00000
      349.00000       347.94346       349.98521
      353.08743       352.00000       354.31333
      338.69669       339.92048       340.91509
      363.26844       363.25909       361.50619
      347.51803       345.39668       345.38071
      343.71843       341.95789       342.05215
      342.41488       340.35578       340.32798
      346.00000       348.00000       346.97826
      336.70970       338.46551       338.46909
      361.53964       361.54604       363.29030
      363.25909       363.26844       365.00000
      336.71082       336.58866       335.00000
      346.96597       345.88152       347.94346
      341.97237       343.97854       342.88951
      354.35446       355.29719       356.33655
      337.93313       336.34194       336.58866
      354.31333       356.26839       355.25383
      338.52930       336.74091       336.75674
      369.36354       372.77778       368.88889
      373.50399       376.66667       377.71480
      367.45693       365.00000       367.46933
      382.10865       380.55556       384.44444
      386.61512       390.52644       388.33333
      386.61512       384.44444       382.75440
      390.37277       388.33333       392.22222
      366.42503       366.83138       365.00000
      375.18050       376.66667       372.77778
      400.00000       396.97721       397.40569
      384.44444       386.16705       382.10865
      393.49668       396.73696       396.85913
      380.24691       377.49511       380.21772
      396.86564       396.85913       400.00000
      396.97721       400.00000       396.73696
      375.18050       378.94543       376.66667
      396.73696       400.00000       400.00000
      373.52701       373.50399       377.71480
      365.00000       366.68032       365.00000
      366.68032       366.98923       369.36354
      394.19387       393.17544       391.00224
      382.75440       380.55556       378.94543
      368.46366       369.06015       366.83138
      388.21993       386.16705       390.37277
      367.46933       370.01400       370.30489
      376.66667       380.55556       377.71480
      366.90196       365.00000       368.88889
      377.71480       380.21772       377.49511
      379.72544       378.38129       381.97147
      369.81859       367.45693       370.30489
      366.83138       369.06015       366.98923
      383.47700       387.25840       385.01052
      383.52315       380.24691       380.21772
      383.52315       386.16705       388.21993
      368.51757       370.09733       370.70915
      389.75477       391.00224       387.25840
      368.88889       372.77778       370.01400
      370.30489       373.52701       369.81859
      365.00000       366.90196       365.00000
      376.05488       378.38129       379.72544
      372.82910       370.09733       371.67622
      365.00000       366.90196       365.00000
      382.75440       384.44444       380.55556
      373.52701       377.71480       377.49511
      392.87931       388.21993       390.37277
      388.21993       389.75477       385.68738
      388.21993       392.87931       389.75477
      371.67622       373.52701       374.99394
      365.00000       366.68032       368.88889
      365.00000       366.98923       365.00000
      389.75477       387.25840       385.68738
      381.97147       385.68738       383.47700
      368.92610       367.16755       369.81859
      396.86564       394.19387       396.85913
      392.87931       393.49668       389.75477
      394.19387       391.00224       393.49668
      393.49668       391.00224       389.75477
      396.97721       396.73696       392.87931
      393.49668       396.85913       394.19387
      396.97721       400.00000       400.00000
      396.11111       392.22222       394.38470
      397.43224       394.38470       396.96541
      388.91075       386.61512       385.01052
      400.00000       396.86564       400.00000
      396.86564       396.96541       393.17544
      370.01400       367.46933       366.90196
      374.99394       373.52701       377.49511
      394.35544       392.22222       396.11111
      386.16705       388.33333       390.37277
      371.67622       369.81859       373.52701
      366.73727       366.70987       368.51757
      370.71748       369.06015       368.46366
      366.80368       368.92610       368.20072
      370.09733       368.20072       368.92610
      368.92610       371.67622       370.09733
      372.82910       370.70915       370.09733
      374.99394       372.82910       371.67622
      368.20072       368.51757       366.70987
      365.00000       366.80368       365.00000
      365.00000       365.00000       366.70987
      365.00000       365.00000       366.83138
      387.25840       391.00224       388.91075
      396.97721       392.87931       394.35544
      400.00000       396.96541       400.00000
      396.96541       394.38470       393.17544
      388.91075       385.01052       387.25840
      390.52644       393.17544       394.38470
      396.86564       400.00000       396.96541
      381.20881       383.47700       385.01052
      388.91075       390.52644       386.61512
      372.77778       373.50399       370.01400
      385.68738       387.25840       383.47700
      378.38129       377.49511       380.24691
      367.16755       367.45693       369.81859
      368.92610       366.80368       367.16755
      394.35544       390.37277       392.22222
      386.16705       384.44444       388.33333
      368.51757       368.20072       370.09733
      366.83138       366.98923       365.00000
      366.80368       368.20072       366.70987
      366.70987       365.00000       366.80368
      366.98923       366.68032       365.00000
      365.00000       365.00000       366.68032
      370.70915       368.46366       368.51757
      368.46366       370.70915       370.71748
      366.73727       366.42503       365.00000
      400.00000       396.85913       400.00000
      373.52701       370.30489       373.50399
      368.46366       366.83138       366.42503
      394.19387       396.86564       393.17544
      388.91075       393.17544       390.52644
      393.49668       392.87931       396.73696
      394.35544       392.87931       390.37277
      394.38470       392.22222       390.52644
      396.96541       400.00000       397.43224
      388.91075       391.00224       393.17544
      383.52315       388.21993       385.68738
      394.38470       397.43224       396.11111
      392.22222       388.33333       390.52644
      400.00000       396.85913       396.73696
      396.11111       400.00000       397.40569
      383.47700       379.72544       381.97147
      381.20881       379.72544       383.47700
      370.71748       373.53560       371.81885
      365.00000       367.46933       365.00000
      400.00000       396.11111       397.43224
      400.00000       397.43224       400.00000
      381.97147       383.52315       385.68738
      380.24691       381.97147       378.38129
      381.97147       380.24691       383.52315
      373.50399       370.30489       370.01400
      368.88889       370.01400       366.90196
      373.50399       372.77778       376.66667
      369.36354       371.81885       372.77778
      366.68032       369.36354       368.88889
      366.73727       365.00000       366.70987
      365.00000       367.16755       365.00000
      370.71748       370.70915       373.53560
      365.00000       366.73727       365.00000
      371.81885       373.53560       375.18050
      366.42503       365.00000       365.00000
      366.42503       366.73727       368.46366
      368.51757       368.46366       366.73727
      386.61512       382.75440       385.01052
      375.18050       372.77778       371.81885
      377.42051       375.18050       373.53560
      377.71480       382.10865       380.21772
      366.90196       367.46933       365.00000
      367.45693       367.46933       370.30489
      367.45693       365.00000       365.00000
      367.16755       366.80368       365.00000
      382.10865       377.71480       380.55556
      372.82910       373.53560       370.70915
      374.99394       376.05488       372.82910
      394.35544       396.11111       397.40569
      394.35544       397.40569       396.97721
      376.05488       373.53560       372.82910
      381.20881       377.42051       379.72544
      377.42051       376.05488       379.72544
      376.66667       378.94543       380.55556
      377.42051       381.20881       378.94543
      400.00000       400.00000       397.40569
      368.92610       369.81859       371.67622
      381.20881       382.75440       378.94543
      386.61512       388.33333       384.44444
      382.10865       383.52315       380.21772
      381.20881       385.01052       382.75440
      369.06015       370.71748       371.81885
      367.16755       365.00000       367.45693
      376.05488       374.99394       378.38129
      373.53560       376.05488       377.42051
      378.38129       374.99394       377.49511
      378.94543       375.18050       377.42051
      369.06015       369.36354       366.98923
      371.81885       369.36354       369.06015
      383.52315       382.10865       386.16705
      319.44444       315.55556       317.89135
      335.00000       331.11111       333.09804
      335.00000       333.01077       333.31968
      323.33333       322.28520       326.49601
      300.00000       303.13436       303.14087
      328.32378       327.17090       329.90267
      309.62723       313.83295       311.66667
      328.32378       331.07390       330.18141
      315.55556       313.83295       317.89135
      303.26304       303.02279       300.00000
      333.29013       333.26273       335.00000
      333.19632       333.29013       335.00000
      333.26273       333.57497       335.00000
      313.38488       315.55556       317.24560
      333.09804       331.11111       329.98600
      300.00000       300.00000       302.56776
      314.98948       311.08925       313.38488
      306.50332       307.12069       303.26304
      322.28520       319.78228       322.50489
      305.61530       303.03459       302.56776
      335.00000       333.57497       335.00000
      328.32378       330.18141       326.47299
      331.53634       333.16862       333.57497
      329.29085       327.17090       326.46440
      335.00000       333.26273       335.00000
      329.98600       331.11111       327.22222
      310.24523       307.12069       306.50332
      322.50489       325.00606       326.47299
      333.09804       329.98600       332.53067
      329.69511       332.54307       332.53067
      335.00000       333.09804       335.00000
      318.02853       321.61871       319.75309
      329.28252       328.18115       330.93985
      331.07390       328.32378       329.90267
      314.31262       316.47685       311.78007
      302.56776       303.03459       300.00000
      305.61530       302.56776       303.88889
      300.00000       303.88889       302.56776
      323.94512       321.61871       320.27456
      314.31262       318.02853       316.47685
      319.75309       316.47685       318.02853
      329.69511       326.47299       330.18141
      309.62723       311.66667       307.77778
      303.13436       306.82456       305.80613
      303.03459       300.00000       300.00000
      303.14087       305.80613       306.50332
      306.82456       303.13436       303.03459
      323.94512       326.46440       327.17090
      322.50489       321.61871       325.00606
      327.17090       325.00606       323.94512
      319.75309       321.61871       322.50489
      323.33333       319.44444       322.28520
      329.29085       329.90267       327.17090
      329.69511       326.49601       326.47299
      326.49601       329.69511       329.98600
      329.98600       327.22222       326.49601
      303.14087       300.00000       300.00000
      330.63646       328.18115       327.22222
      330.63646       327.22222       331.11111
      333.09804       335.00000       335.00000
      331.48243       331.53634       333.26273
      331.53634       329.28252       330.93985
      331.07390       329.90267       331.79928
      321.61871       323.94512       325.00606
      331.11111       335.00000       333.31968
      335.00000       335.00000       333.31968
      333.31968       333.01077       330.63646
      333.01077       335.00000       333.16862
      331.48243       333.26273       333.29013
      319.78228       317.89135       316.47685
      313.83295       315.55556       311.66667
      313.83295       316.47685       317.89135
      303.02279       307.12069       305.64456
      310.24523       314.31262       311.78007
      319.75309       322.50489       319.78228
      311.78007       316.47685       313.83295
      320.27456       321.61871       318.02853
      305.61530       306.82456       303.03459
      326.49601       322.28520       326.47299
      325.00606       328.32378       326.47299
      323.94512       320.27456       322.57949
      328.18115       329.28252       326.46440
      328.18115       326.46440       324.81950
      328.18115       324.81950       327.22222
      318.02853       314.31262       316.52300
      308.99776       306.50332       305.80613
      330.63646       333.01077       330.93985
      300.00000       303.13436       300.00000
      303.13436       300.00000       303.03459
      335.00000       332.83245       333.19632
      321.05457       323.33333       324.81950
      312.74160       316.52300       314.31262
      320.27456       318.02853       316.52300
      305.64456       307.12069       309.62723
      316.47685       319.75309       319.78228
      313.83295       309.62723       311.78007
      333.09804       332.53067       335.00000
      329.69511       332.53067       329.98600
      329.69511       330.18141       332.54307
      303.14087       303.13436       305.80613
      316.52300       314.98948       318.79119
      321.05457       324.81950       322.57949
      331.48243       329.90267       329.29085
      333.26273       331.53634       333.57497
      333.29013       335.00000       335.00000
      329.90267       331.48243       331.79928
      329.29085       331.53634       331.48243
      330.18141       332.83245       332.54307
      332.53067       335.00000       335.00000
      333.57497       333.16862       335.00000
      331.53634       330.93985       333.16862
      333.16862       335.00000       335.00000
      326.47299       322.28520       322.50489
      323.33333       327.22222       324.81950
      331.11111       333.31968       330.63646
      333.19632       332.83245       331.07390
      331.07390       332.83245       330.18141
      335.00000       335.00000       333.01077
      335.00000       335.00000       333.31968
      303.26304       307.12069       303.02279
      302.59431       303.88889       300.00000
      300.00000       300.00000       302.59431
      303.88889       302.59431       305.64456
      303.14087       306.50332       303.26304
      311.78007       307.12069       310.24523
      306.50332       308.99776       310.24523
      323.33333       326.49601       327.22222
      305.64456       309.62723       307.77778
      317.24560       319.44444       321.05457
      320.27456       318.79119       322.57949
      323.33333       321.05457       319.44444
      331.07390       331.79928       333.19632
      309.62723       307.12069       311.78007
      313.38488       309.47356       311.66667
      309.47356       306.82456       305.61530
      332.54307       335.00000       335.00000
      335.00000       332.53067       332.54307
      335.00000       335.00000       333.19632
      332.83245       335.00000       335.00000
      300.00000       303.02279       302.59431
      300.00000       303.26304       300.00000
      320.27456       316.52300       318.79119
      318.79119       321.05457       322.57949
      321.05457       318.79119       317.24560
      317.24560       315.55556       319.44444
      331.79928       331.48243       333.29013
      333.19632       331.79928       333.29013
      322.28520       319.44444       317.89135
      329.28252       329.29085       326.46440
      326.46440       323.94512       322.57949
      332.83245       335.00000       332.54307
      330.93985       328.18115       330.63646
      333.01077       333.16862       330.93985
      314.98948       313.38488       317.24560
      314.98948       317.24560       318.79119
      313.38488       311.66667       315.55556
      314.98948       312.74160       311.08925
      305.80613       306.82456       308.99776
      316.52300       312.74160       314.98948
      313.38488       311.08925       309.47356
      311.66667       309.47356       307.77778
      322.28520       317.89135       319.78228
      310.24523       312.74160       314.31262
      308.99776       312.74160       310.24523
      305.64456       307.77778       303.88889
      307.77778       305.61530       303.88889
      305.61530       307.77778       309.47356
      300.00000       300.00000       303.02279
      303.14087       303.26304       300.00000
      325.00606       327.17090       328.32378
      311.08925       306.82456       309.47356
      306.82456       311.08925       308.99776
      322.57949       324.81950       326.46440
      312.74160       308.99776       311.08925
      303.02279       305.64456       302.59431
      331.53634       329.29085       329.28252
       12.50000         0.00000        25.00000
      600.00000       625.00000       625.00000
      125.00000       150.00000       150.00000
      400.00000       407.00276       400.00000
      525.00000       500.00000       500.00000
      300.00000       296.78743       300.00000
      300.00000       289.40586       300.00000
      700.00000       700.00000       687.50000
      300.00000       292.99719       300.00000
      410.59393       400.00000       400.00000
      650.00000       650.00000       675.00000
      687.50000       700.00000       675.00000
      100.00000       100.00000        75.00000
      250.00000       275.00000       250.00000
       12.50000        25.00000        25.00000
       50.00000        75.00000        50.00000
      425.00000       410.59393       407.00276
      425.00000       410.59393       425.00000
      296.78743       300.00000       300.00000
      400.00000       410.59393       425.00000
      403.85643       400.00000       400.00000
      425.00000       425.00000       450.00000
      525.00000       500.00000       525.00000
      125.00000       125.00000       100.00000
       75.00000       100.00000        75.00000
       75.00000        75.00000        50.00000
      125.00000       150.00000       125.00000
      400.00000       402.32938       400.00000
      675.00000       700.00000       687.50000
      450.00000       475.00000       475.00000
      100.00000       100.00000       125.00000
      575.00000       575.00000       600.00000
      650.00000       675.00000       675.00000
      292.99719       297.67059       300.00000
      300.00000       296.14351       300.00000
      425.00000       407.00276       400.00000
      225.00000       225.00000       250.00000
      297.67059       300.00000       300.00000
      300.00000       297.67059       300.00000
      289.40586       296.14351       292.99719
      150.00000       175.00000       175.00000
      200.00000       175.00000       175.00000
      407.00276       403.85643       402.32938
      550.00000       550.00000       575.00000
      403.85643       407.00276       410.59393
      175.00000       150.00000       150.00000
      225.00000       250.00000       250.00000
      400.00000       403.21251       400.00000
      625.00000       600.00000       600.00000
      625.00000       650.00000       650.00000
      289.40586       275.00000       275.00000
      292.99719       275.00000       289.40586
      175.00000       200.00000       200.00000
      625.00000       650.00000       625.00000
      450.00000       425.00000       450.00000
      200.00000       225.00000       225.00000
      225.00000       200.00000       200.00000
      525.00000       525.00000       550.00000
      575.00000       600.00000       600.00000
      500.00000       475.00000       500.00000
      550.00000       525.00000       550.00000
      575.00000       575.00000       550.00000
      250.00000       275.00000       275.00000
      500.00000       475.00000       475.00000
      400.00000       402.32938       400.00000
      400.00000       400.00000       403.21251
        0.00000        12.50000        25.00000
        0.00000        12.50000         0.00000
      410.59393       400.00000       403.21251
      402.32938       403.85643       400.00000
      407.00276       402.32938       400.00000
      403.85643       410.59393       403.21251
      403.85643       403.21251       400.00000
      450.00000       475.00000       450.00000
      292.99719       296.14351       297.67059
      675.00000       687.50000       675.00000
      300.00000       297.67059       296.14351
      289.40586       300.00000       296.78743
      275.00000       292.99719       300.00000
      289.40586       275.00000       300.00000
      296.14351       296.78743       300.00000
      296.14351       289.40586       296.78743
       50.00000        25.00000        50.00000
       25.00000        25.00000        50.00000
      603.53048       505.48731       606.21272
      473.43851       503.45807       479.08364
      275.23642       312.51943       252.43495
      700.00000       658.98073       700.00000
      658.98073       613.00289       622.70780
       16.19824        25.00000        36.48581
      165.12639       290.80527       233.33333
      562.26567       530.97677       577.91147
      265.16830       355.63094       321.36181
      187.81201       226.52645       138.45201
      588.28731       600.00000       613.94432
      679.64650       700.00000       676.28042
      400.00000       425.00000       413.78099
       31.94199         0.00000         0.00000
      348.83305       352.87793       350.99772
       17.51693        39.80735        24.95076
      700.00000       603.53048       606.21272
      328.99296       331.11111       332.97529
      149.60819       132.21710       119.46392
      350.99772       352.87793       355.41660
       88.55870       205.02821        85.44914
      606.21272       505.48731       508.59674
      123.01998       169.75940       138.27871
       68.99446        59.99680        96.75356
       63.24867       116.42290       138.45201
      577.91147       622.70780       613.00289
      196.54391       222.10375       187.13477
      163.42787       178.24805       149.60819
       78.07864        68.99446       108.87263
      380.31982       389.71944       384.18684
      162.65305       175.00000       187.87448
      168.18763       205.02821        88.55870
       99.91004        53.69508        47.21399
      154.55001       123.01998       108.87263
      380.72483       381.16376       429.18345
      252.43495       291.32805       224.77053
        0.00000        24.95076         0.00000
      275.23642       219.98368       241.68328
      415.87984       508.59674       373.94803
      613.00289       562.26567       577.91147
      622.18274       613.84678       593.26473
      164.92677       196.54391       187.13477
      281.99270       286.91307       308.68907
      292.00319       308.75763       286.91307
      603.53048       700.00000       700.00000
      700.00000       700.00000       606.21272
      205.02821       165.12639        85.44914
      429.18345       483.86513       451.14188
      354.94756       316.39020       343.02576
      508.72279       451.14188       483.86513
      646.46413       700.00000       638.01977
      328.74033       334.73017       308.68907
       75.34516       138.45201       168.18763
      312.51943       380.72483       350.05483
      588.28731       562.68806       575.00000
      521.33306       533.99594       503.45807
      263.10545       238.35182       250.00000
      503.23026       483.86513       464.48418
      603.77061       613.84678       637.97988
      613.84678       644.12923       637.97988
      360.89633       351.26338       352.70919
       66.63564        90.23447        59.99680
      226.52645       278.17693       168.18763
      226.52645       168.18763       138.45201
      413.78099       399.39479       398.05556
      337.34893       325.27521       334.34925
       66.63564        59.99680        39.80735
      536.19836       613.85418       508.59674
      150.05874       136.31109       124.25200
      112.29433       137.44537       124.25200
      228.17151       206.61420       234.45822
      216.46866       227.42690       242.76939
       41.95954        37.00232        78.07864
       88.55870         0.00000        75.34516
        0.00000        85.44914         0.00000
       37.00232        41.95954         0.00000
       68.99446        31.94199        59.99680
        0.00000        31.94199        37.00232
        0.00000        37.00232         0.00000
      550.13408       564.12565       536.70836
      683.54927       663.78374       675.00000
      348.83305       349.00000       351.00000
      343.90283       340.33815       346.65663
      340.84613       341.00000       343.00000
       75.34516       168.18763        88.55870
        0.00000        41.95954        47.21399
       88.36726        74.89038        99.45610
       37.00232        31.94199        68.99446
       66.63564        88.36726        90.23447
       19.50539        16.19824        36.48581
       45.96829        39.80735        22.40196
      683.54927       700.00000       700.00000
      332.97529       336.98802       333.24502
      533.99594       567.85759       545.62936
      355.63094       403.43470       321.36181
      583.33333       466.66667       516.75964
      603.77061       582.25721       613.84678
      536.70836       550.67789       521.33306
      315.45516       325.27521       311.18361
      256.41268       261.29510       281.99270
      311.18361       325.35793       308.75763
      328.74033       342.46522       353.51701
      319.76762       308.68907       334.73017
      513.07945       479.08364       503.45807
      397.15878       376.04455       393.12862
      150.05874       137.44537       162.65305
      700.00000       613.85418       626.23279
      380.75521       359.62716       376.04455
      403.43470       415.87984       321.36181
      410.15829       443.76472       355.63094
      530.97677       503.23026       545.62936
      444.36221       465.59167       473.43851
      163.42787       150.05874       175.96317
      132.21710        96.75356       119.46392
      234.45822       242.76939       261.29510
       61.61798        74.89038        45.96829
      380.31982       376.66667       380.55556
       50.00000        61.61798        36.48581
      380.31982       384.18684       372.79969
      325.27521       325.82647       334.34925
      265.16830       321.36181       226.52645
      325.35793       325.27521       337.34893
      353.00000       352.87793       351.00000
      372.79969       363.21873       360.89633
      380.31982       373.27874       376.66667
       16.19824        19.50539         0.00000
      365.00000       363.34743       363.00000
      562.26567       600.72054       542.25954
      530.97677       562.26567       508.72279
      545.62936       577.91147       530.97677
       37.00232        68.99446        78.07864
      700.00000       670.87440       700.00000
      545.62936       591.53249       577.91147
      675.00000       700.00000       683.54927
      700.00000       679.64650       700.00000
      631.11504       663.45847       622.70780
       87.94948        47.21399        41.95954
      380.72483       331.58699       381.16376
      289.41811       331.16678       293.21017
      350.05483       410.15829       355.63094
      286.91307       281.99270       261.29510
      443.76472       410.15829       479.85202
      530.97677       508.72279       483.86513
      591.53249       631.11504       622.70780
      631.11504       591.53249       603.77061
      138.45201        75.34516        63.24867
        0.00000         0.00000        75.34516
      346.65663       352.70919       343.90283
      149.60819       178.24805       164.92677
      162.65305       175.96317       150.05874
       22.40196        17.51693         0.00000
      359.00000       361.00000       360.00000
      373.27874       380.31982       372.79969
      466.66667       417.27782       516.75964
      417.27782       290.80527       373.94803
      150.00000       162.65305       137.44537
       99.45610       112.29433       124.25200
      340.84613       343.00000       344.66939
      123.01998       138.27871        87.94948
       96.75356       132.21710       108.87263
       45.96829        66.63564        39.80735
      658.98073       622.70780       663.45847
      700.00000       653.33443       658.98073
      606.21272       508.59674       613.85418
      603.77061       591.53249       567.85759
      631.11504       603.77061       637.97988
      492.88062       473.43851       465.59167
      516.75964       603.53048       583.33333
      679.64650       656.39743       663.78374
      550.67789       567.85759       533.99594
      537.34403       550.00000       562.68806
      425.00000       436.88467       413.78099
      389.71944       399.39479       384.18684
      353.51701       334.73017       328.74033
      353.51701       359.62716       334.73017
      480.19242       403.43470       443.76472
      415.87984       403.43470       480.19242
      582.25721       603.77061       567.85759
      136.31109       109.94637       124.25200
      300.63759       277.08438       286.22480
      137.44537       150.05874       124.25200
      109.94637        99.45610       124.25200
      376.68898       412.81210       354.43813
      350.05483       380.72483       410.15829
      291.32805       350.05483       355.63094
      311.66667       315.55556       310.13934
      603.53048       516.75964       505.48731
      226.52645       321.36181       278.17693
      359.83081       363.34743       366.82843
      366.82843       363.34743       366.86896
      398.05556       389.71944       392.22222
      341.00000       340.84613       339.00000
      351.26338       337.34893       343.90283
      352.70919       351.26338       343.90283
      359.83081       360.89633       352.70919
      340.33815       343.90283       334.34925
      344.66939       343.00000       345.00000
      343.90283       337.34893       334.34925
      348.83305       344.66939       347.00000
      380.72483       451.14188       410.15829
      542.25954       516.01070       479.85202
      638.01977       563.96359       585.02083
      479.85202       410.15829       451.14188
      412.81210       429.18345       381.16376
      464.48418       483.86513       429.18345
      513.07945       503.23026       479.08364
      331.58699       312.51943       275.23642
      281.99270       301.26419       282.92313
      242.76939       234.45822       216.46866
      567.85759       591.53249       545.62936
      447.29931       473.43851       479.08364
      622.18274       630.41189       650.40871
      600.72054       585.02083       542.25954
      582.25721       593.26473       613.84678
        0.00000        63.24867        75.34516
      213.13650       227.42690       201.72855
      162.65305       187.87448       175.96317
       31.94199         0.00000        24.95076
       22.40196         0.00000        19.50539
      350.00000       290.80527       417.27782
      350.00000       417.27782       466.66667
      290.80527       165.12639       205.02821
      505.48731       516.75964       417.27782
      388.33333       389.71944       384.44444
        0.00000        17.51693         0.00000
      331.58699       275.23642       293.21017
      591.53249       622.70780       577.91147
      650.40871       630.41189       656.39743
      149.60819       136.31109       163.42787
      132.21710       149.60819       164.92677
      300.63759       311.18361       292.00319
      359.48210       373.52875       373.86955
      372.06756       380.75521       396.67259
      419.22884       397.15878       414.86492
      381.16376       354.43813       412.81210
      399.39479       388.55889       384.18684
      119.46392        90.23447       109.94637
      359.83081       352.70919       355.41660
      342.46522       337.34893       351.26338
      340.33815       340.84613       344.66939
      336.98802       339.00000       340.84613
      336.98802       340.84613       340.33815
      346.65663       340.33815       344.66939
      355.41660       352.70919       350.99772
      363.21873       359.48210       351.26338
      205.02821       168.18763       278.17693
      562.26567       542.25954       508.72279
      516.01070       443.76472       479.85202
      542.25954       585.02083       516.01070
      613.00289       600.72054       562.26567
      389.93519       416.08683       376.68898
      443.95321       416.08683       447.29931
      525.00000       537.34403       512.10576
      420.20900       447.29931       416.08683
      479.08364       443.95321       447.29931
      464.48418       443.95321       479.08364
      196.54391       228.17151       222.10375
      417.27782       373.94803       505.48731
      516.01070       563.96359       480.19242
      265.16830       226.52645       187.81201
      250.00000       238.35182       225.00000
      200.00000       213.13650       187.87448
       24.95076         0.00000        17.51693
       16.19824         0.00000         0.00000
      355.00000       352.87793       353.00000
      350.99772       352.70919       346.65663
      116.66667       165.12639       233.33333
      233.33333       290.80527       350.00000
      403.43470       355.63094       443.76472
        0.00000        73.44844       116.66667
       88.55870         0.00000         0.00000
       59.99680        31.94199        24.95076
       74.89038        66.63564        45.96829
       90.23447       119.46392        96.75356
      676.28042       700.00000       700.00000
      321.36181       415.87984       278.17693
      325.35793       342.46522       328.74033
      281.99270       308.68907       301.26419
      255.98066       256.41268       282.92313
      300.00000       286.22480       275.00000
      275.00000       263.10545       250.00000
      447.29931       444.36221       473.43851
      213.13650       201.72855       187.87448
      201.72855       175.96317       187.87448
      342.46522       359.48210       353.51701
      162.65305       150.00000       175.00000
       75.00000        61.61798        50.00000
       66.63564        74.89038        88.36726
      498.23523       483.50830       472.56386
      380.55556       384.44444       380.31982
      389.71944       380.31982       384.44444
      315.55556       318.30662       310.13934
      335.00000       337.00000       336.98802
      336.98802       337.00000       339.00000
      348.83305       346.65663       344.66939
      347.00000       344.66939       345.00000
      349.00000       348.83305       347.00000
      422.91894       447.29533       431.65100
      503.23026       530.97677       483.86513
      169.75940       219.98368       193.71563
       96.75356       108.87263        68.99446
      480.19242       536.19836       415.87984
      613.85418       536.19836       626.23279
        0.00000         0.00000        19.50539
      447.29533       457.24537       431.65100
      420.20900       389.93519       396.67259
      444.36221       420.20900       419.22884
      376.04455       359.62716       353.51701
      389.93519       372.06756       396.67259
      291.32805       355.63094       265.16830
        0.00000         0.00000        63.24867
       99.91004        47.21399        87.94948
      413.78099       422.91894       399.39479
      206.61420       189.95136       216.46866
       22.40196        19.50539        45.96829
       39.80735        17.51693        22.40196
        0.00000         0.00000        22.40196
      536.19836       563.96359       626.23279
      286.91307       261.29510       268.74073
      252.72063       238.35182       263.10545
      380.75521       397.15878       396.67259
      396.67259       419.22884       420.20900
      472.56386       457.24537       447.29533
      189.95136       175.96317       201.72855
      123.01998        78.07864       108.87263
      206.61420       228.17151       196.54391
      388.55889       408.36410       393.12862
      213.13650       225.00000       238.35182
      227.42690       213.13650       238.35182
      389.71944       398.05556       399.39479
      400.00000       398.05556       396.11111
      392.22222       396.11111       398.05556
      315.45516       310.13934       318.30662
      332.97529       335.00000       336.98802
      340.33815       334.34925       333.24502
      325.82647       333.24502       334.34925
      290.80527       205.02821       373.94803
      260.47920       293.21017       241.68328
       99.91004       159.59123       116.42290
      224.77053       187.81201       159.59123
      138.45201       116.42290       187.81201
      193.71563       224.77053       159.59123
      241.68328       222.10375       260.47920
      312.51943       350.05483       291.32805
      228.17151       255.98066       222.10375
      265.16830       224.77053       291.32805
      138.27871       169.75940       193.71563
      164.92677       187.13477       154.55001
      169.75940       197.54943       219.98368
      582.25721       550.67789       564.12565
        0.00000        25.00000        16.19824
      260.47920       255.98066       289.41811
      354.94756       389.93519       376.68898
      193.71563       252.43495       224.77053
      193.71563       219.98368       252.43495
      700.00000       646.46413       700.00000
      275.23642       241.68328       293.21017
      327.22222       331.11111       328.99296
      315.45516       300.63759       310.13934
       36.48581        45.96829        19.50539
       25.00000        50.00000        36.48581
       87.94948        41.95954        78.07864
       24.95076        39.80735        59.99680
      508.59674       415.87984       536.19836
      653.33443       600.72054       613.00289
      351.26338       359.48210       342.46522
      328.74033       308.68907       308.75763
      325.35793       337.34893       342.46522
      363.21873       372.79969       373.52875
      372.79969       384.18684       373.52875
      315.45516       311.18361       300.63759
      376.04455       353.51701       373.86955
      372.06756       359.62716       380.75521
      416.08683       389.93519       420.20900
      513.07945       503.45807       533.99594
      606.21272       613.85418       700.00000
      286.22480       263.10545       275.00000
      286.91307       268.74073       292.00319
      613.94432       600.00000       625.00000
      286.22480       301.94444       300.63759
      318.30662       315.55556       319.44444
       41.95954         0.00000         0.00000
       53.69508        63.24867         0.00000
       63.24867        53.69508       116.42290
      242.76939       268.74073       261.29510
      238.35182       252.72063       227.42690
      413.78099       436.88467       422.91894
      399.39479       422.91894       408.36410
      242.76939       227.42690       252.72063
      359.48210       363.21873       373.52875
      373.86955       388.55889       393.12862
      373.52875       384.18684       388.55889
      373.86955       373.52875       388.55889
      310.13934       301.94444       307.77778
      323.74174       318.30662       319.44444
      310.13934       307.77778       311.66667
      159.59123       138.27871       193.71563
      503.45807       492.88062       521.33306
      359.83081       360.00000       363.34743
      351.26338       360.89633       363.21873
        0.00000        85.44914        73.44844
       73.44844        85.44914       165.12639
       73.44844         0.00000         0.00000
      416.08683       443.95321       412.81210
      461.63097       436.88467       450.00000
      420.20900       444.36221       447.29931
      219.98368       197.54943       241.68328
       99.91004        87.94948       138.27871
      331.16678       354.43813       293.21017
      109.94637        90.23447        88.36726
      136.31109       119.46392       109.94637
      536.19836       480.19242       563.96359
      323.74174       325.82647       318.30662
      679.64650       676.28042       656.39743
      613.94432       625.00000       638.89165
      603.53500       630.41189       622.18274
      637.97988       644.12923       670.87440
      644.12923       650.40871       673.05056
       87.36339        75.00000       100.00000
       75.00000        87.36339        61.61798
       96.75356        59.99680        90.23447
      676.28042       700.00000       673.05056
      679.64650       683.54927       700.00000
      100.00000       125.00000       112.29433
      656.39743       638.89165       663.78374
      650.00000       638.89165       625.00000
       87.36339       100.00000       112.29433
      234.45822       261.29510       256.41268
      201.72855       216.46866       189.95136
      213.13650       200.00000       225.00000
      175.00000       200.00000       187.87448
      366.82843       373.27874       372.79969
      372.79969       360.89633       366.82843
      315.45516       325.82647       325.27521
      197.54943       169.75940       154.55001
      197.54943       154.55001       187.13477
      123.01998       154.55001       169.75940
      372.06756       389.93519       354.94756
      308.68907       319.76762       301.26419
      289.41811       255.98066       282.92313
      316.39020       319.76762       343.02576
      498.23523       472.56386       486.84878
      663.78374       638.89165       650.00000
      603.53500       613.94432       630.41189
      644.12923       673.05056       670.87440
      670.87440       673.05056       700.00000
      301.94444       303.88889       307.77778
      700.00000       667.45521       700.00000
      343.02576       319.76762       334.73017
      286.91307       308.75763       308.68907
      576.67415       603.53500       593.26473
      216.46866       234.45822       206.61420
      331.16678       316.39020       354.94756
      388.33333       392.22222       389.71944
      373.27874       366.82843       370.28003
      260.47920       222.10375       255.98066
      316.39020       289.41811       282.92313
      301.26419       319.76762       316.39020
      293.21017       260.47920       289.41811
      381.16376       331.58699       354.43813
      376.04455       373.86955       393.12862
      359.62716       372.06756       343.02576
      163.42787       136.31109       150.05874
      366.82843       360.89633       359.83081
      667.45521       700.00000       663.45847
      125.00000       150.00000       137.44537
      286.22480       300.00000       301.94444
       99.91004       116.42290        53.69508
      600.72054       646.46413       585.02083
      516.01070       585.02083       563.96359
      637.97988       667.45521       631.11504
      282.92313       256.41268       281.99270
      256.41268       255.98066       228.17151
      277.08438       292.00319       268.74073
      486.84878       472.56386       461.63097
      425.00000       450.00000       436.88467
      550.13408       576.67415       564.12565
      413.78099       398.05556       400.00000
      301.94444       300.00000       303.88889
      164.92677       154.55001       132.21710
      479.85202       508.72279       542.25954
      545.62936       503.23026       513.07945
      178.24805       163.42787       189.95136
      175.96317       189.95136       163.42787
      178.24805       196.54391       164.92677
       88.36726        99.45610       109.94637
      576.67415       562.68806       588.28731
      588.28731       613.94432       603.53500
      631.11504       667.45521       663.45847
      663.45847       700.00000       700.00000
        0.00000         0.00000        53.69508
        0.00000        47.21399        53.69508
      582.25721       564.12565       593.26473
      588.28731       575.00000       600.00000
      178.24805       206.61420       196.54391
      461.63097       475.00000       486.84878
      252.72063       268.74073       242.76939
      325.35793       328.74033       308.75763
      360.00000       361.00000       363.00000
      154.55001       108.87263       132.21710
      429.18345       412.81210       464.48418
      416.08683       412.81210       376.68898
      373.86955       353.51701       359.48210
      201.72855       227.42690       216.46866
      119.46392       136.31109       149.60819
      550.13408       562.68806       576.67415
      588.28731       603.53500       576.67415
      658.98073       663.45847       700.00000
      366.86896       365.00000       368.88889
      372.77778       370.28003       368.88889
      366.86896       370.28003       366.82843
      370.28003       366.86896       368.88889
       85.44914         0.00000        88.55870
      444.36221       419.22884       439.31510
      396.67259       397.15878       419.22884
      219.98368       275.23642       252.43495
      333.24502       336.98802       340.33815
      408.36410       431.65100       414.86492
      562.68806       550.00000       575.00000
      323.33333       323.74174       319.44444
      323.74174       328.99296       325.82647
      376.04455       397.15878       380.75521
      112.29433       125.00000       137.44537
      373.94803       508.59674       505.48731
      278.17693       415.87984       373.94803
      278.17693       373.94803       205.02821
      521.33306       509.95411       536.70836
      550.13408       524.02537       537.34403
      593.26473       564.12565       576.67415
      626.23279       700.00000       700.00000
      653.33443       700.00000       646.46413
      366.86896       363.34743       365.00000
      486.84878       475.00000       500.00000
      512.10576       486.84878       500.00000
      228.17151       234.45822       256.41268
      282.92313       301.26419       316.39020
      439.31510       457.24537       465.59167
      537.34403       562.68806       550.13408
      355.41660       356.51168       360.00000
      360.00000       359.83081       355.41660
      363.34743       360.00000       363.00000
      352.87793       355.00000       356.51168
      355.41660       352.87793       356.51168
      356.51168       359.00000       360.00000
      354.43813       331.58699       293.21017
      312.51943       331.58699       380.72483
      222.10375       241.68328       197.54943
      593.26473       603.53500       622.18274
      447.29533       461.63097       472.56386
      333.24502       328.99296       332.97529
      670.87440       667.45521       637.97988
      343.02576       334.73017       359.62716
      373.27874       372.77778       376.66667
      373.27874       370.28003       372.77778
      492.88062       483.50830       509.95411
      509.95411       483.50830       498.23523
      626.23279       563.96359       638.01977
      700.00000       613.85418       700.00000
      638.01977       700.00000       626.23279
      700.00000       700.00000       638.01977
      372.06756       354.94756       343.02576
      650.40871       644.12923       622.18274
      676.28042       673.05056       650.40871
      550.67789       582.25721       567.85759
      521.33306       550.67789       533.99594
      564.12565       550.67789       536.70836
      536.70836       509.95411       524.02537
      465.59167       444.36221       439.31510
      700.00000       667.45521       670.87440
      700.00000       700.00000       673.05056
      550.13408       536.70836       524.02537
      197.54943       187.13477       222.10375
      524.02537       509.95411       498.23523
      464.48418       479.08364       503.23026
      443.95321       464.48418       412.81210
      354.94756       376.68898       331.16678
      492.88062       509.95411       521.33306
      656.39743       676.28042       650.40871
      332.97529       331.11111       335.00000
      473.43851       492.88062       503.45807
       74.89038        87.36339        99.45610
      112.29433        99.45610        87.36339
      355.00000       357.00000       356.51168
      357.00000       359.00000       356.51168
      252.72063       277.08438       268.74073
      483.50830       492.88062       465.59167
      465.59167       457.24537       483.50830
      414.86492       439.31510       419.22884
      483.50830       457.24537       472.56386
      638.89165       630.41189       613.94432
      439.31510       431.65100       457.24537
      408.36410       422.91894       431.65100
        0.00000         0.00000        47.21399
      650.00000       675.00000       663.78374
      500.00000       525.00000       512.10576
      525.00000       550.00000       537.34403
      700.00000       653.33443       700.00000
      646.46413       600.72054       653.33443
      325.35793       311.18361       325.27521
      399.39479       408.36410       388.55889
      408.36410       414.86492       393.12862
      439.31510       414.86492       431.65100
      393.12862       414.86492       397.15878
      461.63097       450.00000       475.00000
      323.74174       327.22222       328.99296
       73.44844       165.12639       116.66667
      308.75763       292.00319       311.18361
      603.53048       700.00000       583.33333
      292.00319       277.08438       300.63759
      352.87793       348.83305       351.00000
      327.22222       323.74174       323.33333
      350.99772       346.65663       348.83305
      613.84678       622.18274       644.12923
      206.61420       178.24805       189.95136
      638.89165       656.39743       630.41189
      265.16830       187.81201       224.77053
      315.45516       318.30662       325.82647
      138.27871       159.59123        99.91004
      116.42290       159.59123       187.81201
      289.41811       316.39020       331.16678
       87.94948        78.07864       123.01998
      436.88467       447.29533       422.91894
       61.61798        87.36339        74.89038
      277.08438       252.72063       263.10545
      512.10576       537.34403       524.02537
      380.72483       429.18345       451.14188
      512.10576       524.02537       498.23523
      513.07945       533.99594       545.62936
      333.24502       325.82647       328.99296
      653.33443       613.00289       658.98073
      683.54927       679.64650       663.78374
      638.01977       585.02083       646.46413
      516.01070       480.19242       443.76472
      461.63097       447.29533       436.88467
      286.22480       277.08438       263.10545
      376.68898       354.43813       331.16678
       61.61798        45.96829        36.48581
      312.51943       291.32805       252.43495
      301.94444       310.13934       300.63759
      479.85202       451.14188       508.72279
      498.23523       486.84878       512.10576
