 28.74587697816	 29.48365055876	 28.99007334306
 28.50389859682	 28.92172645786	 29.71885275534
 30.34664069860	 29.68782324981	 32.32504995094
 34.31339749092	 37.56847702311	 33.07896335710
 28.72710864503	 28.82261957392	 29.15162742792
 28.41701861342	 28.82261957392	 28.72710864503
 28.60036777618	 28.92172645786	 27.87797779517
 38.54928837203	 36.44568372870	 35.60429202145
 30.33504306849	 29.92770387373	 29.66567042669
 28.44754473672	 28.03920975635	 28.46067553912
 33.76729428645	 31.62205965518	 34.60517357309
 30.06910311807	 29.92770387373	 30.59586063027
 27.68921223264	 27.88087389057	 27.45857509145
 27.68921223264	 27.34708887927	 27.71538552050
 27.34708887927	 27.68921223264	 27.45857509145
 36.90515084171	 39.74129547535	 33.98974552323
 28.43215800511	 28.12835273716	 28.76954865677
 43.70241163640	 43.90468641296	 49.13193298302
 29.47755298185	 30.36440151973	 29.95253082247
 29.41177937614	 29.17079807801	 28.98395774009
 41.26313717298	 43.54605150045	 40.62236697597
 47.87067877792	 49.13193298302	 47.31177054175
 28.92172645786	 28.50389859682	 27.87797779517
 30.70005373391	 33.95647815617	 31.19283137173
 36.35104756262	 30.99120044096	 38.82337912195
 28.99007334306	 28.44153156203	 28.74587697816
 29.47755298185	 29.95253082247	 29.31380053661
 39.94301469567	 40.62236697597	 40.24980708892
 28.11320408701	 27.58950758982	 27.76197076781
 33.27157290504	 33.95647815617	 37.16940644164
 39.65469595628	 40.41838035196	 40.58463275664
 40.58463275664	 40.82058578559	 40.07743188993
 30.70520111821	 31.67741296123	 30.64110948396
 30.99120044096	 30.00936575443	 30.39803454751
 49.13193298302	 45.59512416632	 43.70241163640
 45.41839895251	 43.90468641296	 41.70300587397
 36.80801770719	 38.78432537623	 34.24629479291
 30.00936575443	 30.44064793430	 29.50791326097
 28.85157039695	 28.75005149810	 29.18172991926
 39.08054098544	 39.53336602905	 39.03947609606
 32.88606388287	 29.48365055876	 29.27649605998
 28.74587697816	 28.43103975725	 29.27649605998
 31.07971797899	 29.44819274991	 30.06417034283
 28.43103975725	 30.71948621150	 29.27649605998
 30.36440151973	 29.47755298185	 29.48365055876
 28.03233527933	 31.03102480867	 30.71948621150
 28.90229228770	 28.99007334306	 29.47755298185
 29.30107462094	 28.76954865677	 29.55113952763
 29.64770297883	 29.27244244837	 29.58215009882
 30.44064793430	 30.00936575443	 30.99120044096
 28.85157039695	 28.43660702064	 28.75005149810
 39.17847757317	 39.80287226518	 39.38243809158
 38.92622734897	 38.59437499168	 39.07070512223
 31.82564048199	 31.07971797899	 30.06417034283
 29.15162742792	 28.98395774009	 28.72710864503
 29.31380053661	 28.90229228770	 29.47755298185
 37.16940644164	 33.95647815617	 34.01746282576
 29.95771936237	 30.64110948396	 30.39803454751
 29.18172991926	 29.70613698517	 29.35009076106
 28.07115569482	 28.44435232831	 28.41701861342
 29.48365055876	 28.74587697816	 29.27649605998
 27.87639429505	 28.03112303522	 27.68428954691
 28.44153156203	 28.03112303522	 27.87639429505
 39.70686900276	 35.48332640621	 39.95881645821
 45.59512416632	 49.13193298302	 48.32289118773
 40.82058578559	 45.59512416632	 41.42561507198
 36.90515084171	 39.18185467487	 39.71896555582
 34.01746282576	 33.95647815617	 30.47871991113
 43.54605150045	 41.26313717298	 48.32289118773
 41.26313717298	 40.62236697597	 40.45325565617
 29.92770387373	 30.06910311807	 29.58215009882
 48.32289118773	 41.42561507198	 45.59512416632
 47.31177054175	 49.13193298302	 43.90468641296
 39.53336602905	 40.22964556852	 40.41838035196
 39.93365268605	 41.83710865768	 40.71152776019
 39.65469595628	 39.53336602905	 40.41838035196
 47.87067877792	 47.31177054175	 41.83710865768
 30.80901122709	 33.27157290504	 32.78825743291
 28.46067553912	 28.43660702064	 28.85157039695
 28.43215800511	 28.00805117553	 27.75230567186
 28.44754473672	 27.88087389057	 28.03920975635
 29.47755298185	 28.99007334306	 29.48365055876
 39.50254997118	 39.36200381832	 39.93365268605
 31.47514518138	 34.04932994686	 31.03102480867
 40.58463275664	 45.59512416632	 40.82058578559
 43.70241163640	 40.58463275664	 40.41838035196
 43.70241163640	 45.59512416632	 40.58463275664
 27.68921223264	 28.03920975635	 27.88087389057
 29.02824842039	 28.76954865677	 28.44754473672
 30.99120044096	 36.35104756262	 30.44064793430
 28.44435232831	 28.07115569482	 28.03112303522
 28.99007334306	 28.90229228770	 28.44153156203
 34.19138504070	 36.44568372870	 38.81890201814
 31.03102480867	 34.04932994686	 30.71948621150
 31.08219731936	 33.37732023731	 31.47514518138
 28.74587697816	 28.11320408701	 28.43103975725
 28.44153156203	 28.11320408701	 28.74587697816
 27.76197076781	 28.03233527933	 28.43103975725
 29.27848725437	 29.59820488447	 29.18713225979
 29.66567042669	 29.95253082247	 30.33504306849
 29.41177937614	 29.58215009882	 29.17079807801
 29.70613698517	 29.95771936237	 30.39803454751
 29.18172991926	 28.75005149810	 29.00613780631
 29.18172991926	 29.00613780631	 29.43816964164
 30.39803454751	 30.00936575443	 29.70613698517
 27.70790380501	 28.03112303522	 28.07115569482
 27.45863619796	 27.58950758982	 27.87639429505
 32.88606388287	 34.19138504070	 38.81890201814
 38.96187246452	 38.54928837203	 38.92622734897
 27.75230567186	 27.58623798189	 28.12835273716
 27.75230567186	 28.12835273716	 28.43215800511
 45.41839895251	 44.46870468024	 47.31177054175
 40.22964556852	 41.70300587397	 43.90468641296
 43.54605150045	 41.27876374808	 40.24980708892
 38.96187246452	 38.92622734897	 39.36200381832
 31.47514518138	 33.37732023731	 34.04932994686
 40.45325565617	 40.62452889977	 41.26313717298
 27.45857509145	 27.88087389057	 27.58623798189
 27.68428954691	 28.03112303522	 27.70790380501
 29.31380053661	 29.15162742792	 28.82261957392
 34.19138504070	 32.88606388287	 29.27649605998
 28.76954865677	 29.30107462094	 28.43215800511
 27.68428954691	 27.70790380501	 27.34524428645
 31.62830845257	 31.32073761567	 39.24602801577
 30.39803454751	 30.64110948396	 31.43963079250
 38.81890201814	 37.00539217658	 32.88606388287
 27.76197076781	 28.43103975725	 28.11320408701
 28.98395774009	 29.15162742792	 29.41177937614
 30.39803454751	 31.43963079250	 30.99120044096
 31.67741296123	 31.43963079250	 30.64110948396
 29.59820488447	 29.43816964164	 29.18713225979
 29.64770297883	 29.27848725437	 29.27244244837
 29.43816964164	 29.00613780631	 29.18713225979
 29.70613698517	 29.43816964164	 29.95771936237
 45.41839895251	 39.89908433272	 41.06862284658
 27.87639429505	 27.68428954691	 27.45863619796
 30.36440151973	 29.48365055876	 32.88606388287
 40.62452889977	 41.42561507198	 41.26313717298
 38.62812493862	 39.08054098544	 39.03947609606
 40.82058578559	 41.42561507198	 40.51221455726
 47.87067877792	 41.83710865768	 41.27876374808
 48.32289118773	 41.26313717298	 41.42561507198
 44.46870468024	 41.83710865768	 47.31177054175
 47.31177054175	 43.90468641296	 45.41839895251
 38.82337912195	 41.70300587397	 40.22964556852
 29.59820488447	 30.08144382791	 29.95771936237
 40.82058578559	 40.16289880052	 40.07743188993
 30.70520111821	 30.06910311807	 30.59586063027
 39.89908433272	 31.43963079250	 31.67741296123
 41.06862284658	 31.67741296123	 31.62830845257
 31.62830845257	 39.24602801577	 41.06862284658
 30.75099543060	 32.92104291561	 31.08219731936
 29.27848725437	 29.64770297883	 29.59820488447
 30.64110948396	 29.95771936237	 30.08144382791
 34.50782867057	 38.02506547408	 36.80801770719
 29.17079807801	 29.58215009882	 29.27244244837
 30.88447391913	 30.33504306849	 29.95253082247
 39.66038638037	 38.82337912195	 40.22964556852
 31.62830845257	 30.59586063027	 31.32073761567
 29.35009076106	 29.50791326097	 28.93551608332
 29.43816964164	 29.70613698517	 29.18172991926
 31.62205965518	 29.71885275534	 29.74245459482
 39.94301469567	 40.09549792985	 40.62236697597
 39.07070512223	 39.29522178955	 39.64119532344
 39.03947609606	 38.67705723037	 38.62812493862
 39.80287226518	 39.17847757317	 39.65469595628
 36.47100424015	 33.91291072456	 39.70686900276
 39.65469595628	 39.17847757317	 39.03947609606
 28.60036777618	 29.74245459482	 28.92172645786
 39.66038638037	 39.53336602905	 39.08054098544
 34.99906910641	 34.24629479291	 38.78432537623
 30.38491421444	 32.44985141069	 30.75099543060
 32.44985141069	 34.24629479291	 34.99906910641
 34.01746282576	 30.47871991113	 29.30107462094
 30.33504306849	 31.32073761567	 30.59586063027
 30.59586063027	 31.62830845257	 30.70520111821
 31.62830845257	 31.67741296123	 30.70520111821
 38.78432537623	 39.07070512223	 38.59437499168
 38.54928837203	 38.59437499168	 38.92622734897
 28.90229228770	 28.82261957392	 28.44435232831
 39.67438687782	 40.09549792985	 39.94301469567
 30.00936575443	 29.35009076106	 29.70613698517
 29.35009076106	 30.00936575443	 29.50791326097
 28.41701861342	 28.44435232831	 28.82261957392
 29.31380053661	 29.95253082247	 29.66567042669
 30.70520111821	 30.64110948396	 30.08144382791
 33.77324998451	 31.06849859800	 32.38430179821
 38.59437499168	 35.60429202145	 34.99906910641
 38.81890201814	 38.96187246452	 37.00539217658
 39.65469595628	 39.03947609606	 39.53336602905
 43.70241163640	 40.41838035196	 43.90468641296
 39.80287226518	 40.07743188993	 39.38243809158
 28.72712395803	 29.20501941729	 28.09689495532
 39.93365268605	 40.71152776019	 38.40384057769
 30.36440151973	 30.88447391913	 29.95253082247
 39.66038638037	 40.22964556852	 39.53336602905
 40.07743188993	 40.16289880052	 39.71896555582
 34.50782867057	 36.80801770719	 33.18984691385
 31.85631916828	 30.38491421444	 29.95590255654
 29.50791326097	 30.44064793430	 29.55113952763
 29.55113952763	 28.76954865677	 29.02824842039
 33.77324998451	 34.50782867057	 31.82564048199
 38.83312752746	 39.17847757317	 39.38243809158
 39.65469595628	 40.58463275664	 39.80287226518
 28.93551608332	 28.85157039695	 29.35009076106
 36.35104756262	 37.21753449056	 30.44064793430
 29.14479292097	 29.74245459482	 28.60036777618
 31.85631916828	 32.44985141069	 30.38491421444
 38.82337912195	 39.66038638037	 36.35104756262
 39.66038638037	 37.21753449056	 36.35104756262
 36.90515084171	 39.71896555582	 39.74129547535
 30.33504306849	 30.88447391913	 31.32073761567
 40.71152776019	 39.24602801577	 38.40384057769
 34.50782867057	 33.77324998451	 38.02506547408
 33.18984691385	 36.80801770719	 34.24629479291
 31.82564048199	 33.18984691385	 31.07971797899
 34.50782867057	 33.18984691385	 31.82564048199
 31.85631916828	 31.07971797899	 33.18984691385
 27.58950758982	 28.11320408701	 27.87639429505
 39.74129547535	 39.71896555582	 40.16289880052
 37.56847702311	 38.83312752746	 39.38243809158
 39.95881645821	 36.79330369305	 40.11166760760
 32.38430179821	 33.91291072456	 36.47100424015
 28.03112303522	 28.44153156203	 28.44435232831
 40.07743188993	 39.71896555582	 39.38243809158
 28.82261957392	 28.90229228770	 29.31380053661
 36.80801770719	 38.02506547408	 39.29522178955
 34.24629479291	 31.85631916828	 33.18984691385
 47.87067877792	 41.27876374808	 43.54605150045
 40.06952161574	 41.83710865768	 39.93365268605
 27.45863619796	 27.68428954691	 27.34524428645
 41.27876374808	 41.83710865768	 40.06952161574
 40.06952161574	 40.24980708892	 41.27876374808
 38.62812493862	 38.67705723037	 36.11172018876
 32.25737715548	 34.31339749092	 31.59777855880
 32.88606388287	 37.00539217658	 30.36440151973
 30.36440151973	 36.06724922847	 30.88447391913
 39.29522178955	 38.78432537623	 36.80801770719
 38.02506547408	 33.77324998451	 36.47100424015
 30.52358117547	 31.11573963439	 33.91291072456
 29.98318435118	 29.20501941729	 28.72712395803
 40.11166760760	 37.36285627259	 40.12429145939
 28.90229228770	 28.44435232831	 28.44153156203
 39.38243809158	 39.18185467487	 37.56847702311
 40.58463275664	 40.07743188993	 39.80287226518
 30.70520111821	 30.08144382791	 30.06910311807
 32.92104291561	 33.37732023731	 31.08219731936
 37.21753449056	 39.08054098544	 38.88671848963
 49.13193298302	 47.87067877792	 48.32289118773
 41.70300587397	 38.82337912195	 39.89908433272
 36.47100424015	 39.70686900276	 39.67438687782
 29.29725853885	 29.98318435118	 28.72712395803
 33.77324998451	 32.38430179821	 36.47100424015
 28.43103975725	 28.03233527933	 30.71948621150
 36.79330369305	 31.96602270798	 37.36285627259
 33.91291072456	 31.11573963439	 35.48332640621
 43.54605150045	 48.32289118773	 47.87067877792
 38.62812493862	 36.11172018876	 37.16940644164
 38.88671848963	 32.87890924119	 37.21753449056
 30.44064793430	 37.21753449056	 32.87890924119
 40.09549792985	 39.70686900276	 39.95881645821
 31.72486549157	 36.79330369305	 35.48332640621
 31.96602270798	 32.03351316149	 37.36285627259
 28.44754473672	 28.12835273716	 27.88087389057
 31.32073761567	 30.88447391913	 38.40384057769
 40.71152776019	 44.46870468024	 39.24602801577
 32.87890924119	 34.01746282576	 29.30107462094
 38.54928837203	 38.96187246452	 38.81890201814
 39.29522178955	 38.02506547408	 39.67438687782
 33.91291072456	 35.48332640621	 39.70686900276
 29.95590255654	 29.44819274991	 31.07971797899
 29.44819274991	 28.87724211412	 30.06417034283
 39.50254997118	 39.93365268605	 38.40384057769
 30.36440151973	 37.00539217658	 36.06724922847
 29.55113952763	 29.02824842039	 29.50791326097
 40.62452889977	 40.11166760760	 40.12429145939
 29.29725853885	 31.06849859800	 29.98318435118
 31.82564048199	 29.98318435118	 31.06849859800
 29.83504797187	 32.38430179821	 31.06849859800
 32.87890924119	 29.30107462094	 29.55113952763
 28.93551608332	 29.02824842039	 28.44754473672
 37.16940644164	 34.01746282576	 38.88671848963
 40.45325565617	 40.62236697597	 40.09549792985
 40.09549792985	 39.95881645821	 40.45325565617
 40.62452889977	 40.45325565617	 40.11166760760
 31.11573963439	 31.72486549157	 35.48332640621
 29.95590255654	 31.07971797899	 31.85631916828
 40.16289880052	 39.98607795591	 39.74129547535
 39.38243809158	 39.71896555582	 39.18185467487
 38.88671848963	 34.01746282576	 32.87890924119
 38.96187246452	 39.36200381832	 39.50254997118
 39.48360732636	 38.92622734897	 39.07070512223
 39.29522178955	 39.07070512223	 38.78432537623
 39.29522178955	 39.67438687782	 39.94301469567
 40.51221455726	 40.12429145939	 39.98607795591
 31.61713129409	 31.10295502847	 35.64571353083
 28.08500791704	 28.43660702064	 28.46067553912
 29.02824842039	 28.93551608332	 29.50791326097
 30.99120044096	 31.43963079250	 38.82337912195
 39.36200381832	 40.06952161574	 39.93365268605
 36.06724922847	 39.50254997118	 38.40384057769
 39.64119532344	 39.48360732636	 39.07070512223
 39.64119532344	 39.29522178955	 39.94301469567
 29.29725853885	 29.83504797187	 31.06849859800
 30.52358117547	 33.91291072456	 32.38430179821
 35.60429202145	 33.37732023731	 32.92104291561
 38.92622734897	 39.48360732636	 39.36200381832
 39.67438687782	 38.02506547408	 36.47100424015
 38.83312752746	 34.31339749092	 35.27464247753
 38.67705723037	 35.27464247753	 36.11172018876
 40.06952161574	 39.48360732636	 40.24980708892
 40.12429145939	 36.92062485000	 39.98607795591
 40.82058578559	 40.51221455726	 40.16289880052
 33.76729428645	 39.18185467487	 36.90515084171
 29.83504797187	 30.52358117547	 32.38430179821
 28.03920975635	 27.68921223264	 27.71538552050
 28.09689495532	 29.20501941729	 28.87724211412
 29.20501941729	 30.06417034283	 28.87724211412
 30.34664069860	 32.32504995094	 33.98974552323
 30.88450802183	 33.76729428645	 32.32504995094
 36.90515084171	 33.98974552323	 32.32504995094
 30.47871991113	 30.70005373391	 28.00805117553
 38.78432537623	 38.59437499168	 34.99906910641
 27.71538552050	 28.08500791704	 28.03920975635
 32.32504995094	 29.68782324981	 30.88450802183
 33.07896335710	 31.62205965518	 30.74269091927
 38.83312752746	 37.56847702311	 34.31339749092
 31.62205965518	 29.74245459482	 30.74269091927
 37.36285627259	 32.03351316149	 36.92062485000
 31.72486549157	 31.96602270798	 36.79330369305
 34.60517357309	 33.07896335710	 37.56847702311
 38.67705723037	 39.03947609606	 39.17847757317
 39.48360732636	 39.64119532344	 40.24980708892
 32.78825743291	 36.11172018876	 35.27464247753
 30.74269091927	 29.64440918598	 31.59777855880
 33.07896335710	 34.60517357309	 31.62205965518
 36.92062485000	 31.61713129409	 35.64571353083
 30.06910311807	 29.64770297883	 29.58215009882
 29.64440918598	 30.74269091927	 29.14479292097
 31.59777855880	 33.07896335710	 30.74269091927
 30.08094584749	 30.45727727361	 32.25737715548
 31.59777855880	 34.31339749092	 33.07896335710
 31.59777855880	 30.08094584749	 32.25737715548
 32.25737715548	 35.27464247753	 34.31339749092
 31.10295502847	 33.98974552323	 35.64571353083
 31.19283137173	 33.95647815617	 33.27157290504
 30.71948621150	 34.04932994686	 34.19138504070
 30.06417034283	 29.20501941729	 29.98318435118
 32.78825743291	 32.25737715548	 30.45727727361
 30.45727727361	 30.80901122709	 32.78825743291
 31.10295502847	 30.34664069860	 33.98974552323
 32.03351316149	 31.61713129409	 36.92062485000
 29.41177937614	 29.92770387373	 29.58215009882
 39.95881645821	 40.11166760760	 40.45325565617
 36.11172018876	 32.78825743291	 33.27157290504
 33.27157290504	 30.80901122709	 31.19283137173
 38.54928837203	 38.81890201814	 36.44568372870
 38.54928837203	 35.60429202145	 38.59437499168
 39.50254997118	 37.00539217658	 38.96187246452
 30.88450802183	 29.01832741047	 29.71885275534
 31.62205965518	 30.88450802183	 29.71885275534
 36.06724922847	 37.00539217658	 39.50254997118
 33.95647815617	 30.70005373391	 30.47871991113
 29.71885275534	 29.01832741047	 28.50389859682
 28.00805117553	 28.43215800511	 30.47871991113
 27.88087389057	 28.12835273716	 27.58623798189
 30.88450802183	 29.68782324981	 29.01832741047
 28.44754473672	 28.76954865677	 28.12835273716
 29.64440918598	 30.08094584749	 31.59777855880
 28.08500791704	 28.46067553912	 28.03920975635
 28.93551608332	 28.46067553912	 28.85157039695
 28.44153156203	 27.87639429505	 28.11320408701
 30.08144382791	 29.59820488447	 29.64770297883
 30.08144382791	 29.64770297883	 30.06910311807
 39.67438687782	 39.70686900276	 40.09549792985
 39.17847757317	 38.83312752746	 38.67705723037
 34.60517357309	 39.18185467487	 33.76729428645
 37.56847702311	 39.18185467487	 34.60517357309
 39.74129547535	 35.64571353083	 33.98974552323
 41.83710865768	 44.46870468024	 40.71152776019
 41.06862284658	 44.46870468024	 45.41839895251
 41.06862284658	 39.24602801577	 44.46870468024
 40.62452889977	 40.51221455726	 41.42561507198
 38.82337912195	 31.43963079250	 39.89908433272
 45.41839895251	 41.70300587397	 39.89908433272
 29.41177937614	 29.15162742792	 29.66567042669
 33.76729428645	 36.90515084171	 32.32504995094
 37.16940644164	 38.88671848963	 38.62812493862
 39.98607795591	 35.64571353083	 39.74129547535
 35.27464247753	 38.67705723037	 38.83312752746
 38.88671848963	 39.08054098544	 38.62812493862
 35.64571353083	 39.98607795591	 36.92062485000
 36.44568372870	 34.04932994686	 33.37732023731
 34.99906910641	 35.60429202145	 32.92104291561
 31.82564048199	 30.06417034283	 29.98318435118
 31.06849859800	 33.77324998451	 31.82564048199
 30.59586063027	 29.92770387373	 30.33504306849
 33.76729428645	 30.88450802183	 31.62205965518
 31.32073761567	 38.40384057769	 39.24602801577
 39.89908433272	 31.67741296123	 41.06862284658
 40.11166760760	 36.79330369305	 37.36285627259
 35.48332640621	 36.79330369305	 39.95881645821
 31.85631916828	 34.24629479291	 32.44985141069
 32.25737715548	 32.78825743291	 35.27464247753
 36.44568372870	 34.19138504070	 34.04932994686
 39.48360732636	 40.06952161574	 39.36200381832
 35.60429202145	 36.44568372870	 33.37732023731
 29.66567042669	 29.15162742792	 29.31380053661
 29.92770387373	 29.41177937614	 29.66567042669
 36.92062485000	 40.12429145939	 37.36285627259
 40.12429145939	 40.51221455726	 40.62452889977
 40.62236697597	 43.54605150045	 40.24980708892
 28.44754473672	 28.46067553912	 28.93551608332
 32.92104291561	 32.44985141069	 34.99906910641
 43.90468641296	 40.41838035196	 40.22964556852
 39.66038638037	 39.08054098544	 37.21753449056
 30.44064793430	 32.87890924119	 29.55113952763
 29.43816964164	 29.59820488447	 29.95771936237
 33.27157290504	 37.16940644164	 36.11172018876
 34.19138504070	 29.27649605998	 30.71948621150
 32.44985141069	 32.92104291561	 30.75099543060
 30.74269091927	 29.74245459482	 29.14479292097
 39.98607795591	 40.16289880052	 40.51221455726
 28.85157039695	 29.18172991926	 29.35009076106
 38.40384057769	 30.88447391913	 36.06724922847
 29.71885275534	 28.92172645786	 29.74245459482
 40.24980708892	 39.64119532344	 39.94301469567
 29.30107462094	 30.47871991113	 28.43215800511
 26.45868899891	 26.39622434395	 26.89649007583
 26.11383043019	 25.84682716999	 25.75953556971
 27.17052821508	 27.76197076781	 27.06562744370
 25.54346008580	 25.61871841014	 25.47006495998
 25.49791595554	 25.42531476468	 25.62822601010
 25.49791595554	 25.74028316760	 25.58738831034
 25.33519757667	 25.37147911572	 25.30378946132
 27.92110402824	 27.50502094471	 30.38491421444
 25.88204165556	 26.10279652223	 26.39622434395
 25.22388155201	 25.25630116902	 25.24561085521
 25.47006495998	 25.41936642207	 25.54346008580
 25.38634004416	 25.33207425864	 25.32901539097
 25.79777925692	 25.84485503352	 25.62157772709
 25.32089081917	 25.32901539097	 25.28888851157
 25.25630116902	 25.23456860019	 25.33207425864
 25.88204165556	 25.71018728205	 26.10279652223
 25.33207425864	 25.23456860019	 25.30829828052
 26.10261696177	 26.11383043019	 25.75953556971
 28.87724211412	 27.12898343909	 28.09689495532
 27.12898343909	 27.19480813910	 26.45868899891
 25.35747789509	 25.36955255147	 25.40501194176
 25.58738831034	 25.90023289569	 25.71018728205
 27.04680011895	 26.70132981887	 27.50502094471
 25.38145984493	 25.41936642207	 25.33519757667
 27.06562744370	 26.56395465835	 26.54567270120
 25.84682716999	 25.61871841014	 25.75953556971
 27.09103637053	 27.34524428645	 26.69412415194
 25.75953556971	 25.62157772709	 25.84485503352
 25.71890785766	 25.88012576800	 25.69356363000
 26.83537727700	 27.17052821508	 26.54567270120
 27.50502094471	 26.70132981887	 27.19480813910
 25.57635638644	 25.47760430361	 25.52195579298
 25.49684537787	 25.79777925692	 25.62157772709
 25.49684537787	 25.41936642207	 25.38145984493
 27.22345965694	 26.85996968679	 26.56798863408
 25.47269497609	 25.40501194176	 25.47760430361
 26.69412415194	 26.19344865763	 26.56395465835
 26.54567270120	 26.10261696177	 26.83537727700
 27.34524428645	 27.09103637053	 27.45863619796
 25.94123304025	 25.88012576800	 25.71890785766
 26.30588568143	 26.85996968679	 26.71543754047
 27.45863619796	 27.09103637053	 27.58950758982
 25.58738831034	 25.74028316760	 25.90023289569
 26.10261696177	 25.75953556971	 25.84485503352
 25.30824044851	 25.38145984493	 25.33519757667
 25.38145984493	 25.47269497609	 25.57091670587
 25.38145984493	 25.30824044851	 25.47269497609
 26.71543754047	 26.10261696177	 26.20171699798
 28.09689495532	 27.12898343909	 26.89649007583
 29.95590255654	 27.19480813910	 29.44819274991
 25.47269497609	 25.47760430361	 25.57091670587
 25.69356363000	 25.57091670587	 25.57635638644
 27.40296950275	 27.92862907229	 26.83537727700
 25.32089081917	 25.35747789509	 25.32901539097
 25.30824044851	 25.38634004416	 25.47269497609
 25.35747789509	 25.40501194176	 25.38634004416
 25.38634004416	 25.40501194176	 25.47269497609
 25.25630116902	 25.33207425864	 25.30824044851
 25.38634004416	 25.32901539097	 25.35747789509
 25.25630116902	 25.22388155201	 25.23456860019
 25.45785209653	 25.52858569896	 25.37292712690
 25.34289909763	 25.37292712690	 25.32623133540
 25.43932652732	 25.49791595554	 25.52195579298
 25.28865300864	 25.32089081917	 25.28888851157
 25.32089081917	 25.32623133540	 25.36955255147
 26.56395465835	 27.06562744370	 27.09103637053
 26.20171699798	 26.10261696177	 25.84485503352
 25.27925088531	 25.30378946132	 25.25503707881
 25.41936642207	 25.37147911572	 25.33519757667
 26.71543754047	 26.83537727700	 26.10261696177
 27.89297638864	 27.99703288061	 27.22345965694
 26.44887795914	 26.70132981887	 27.04680011895
 28.19660317308	 27.40296950275	 27.48036059307
 26.85996968679	 27.48036059307	 27.40296950275
 27.40296950275	 26.71543754047	 26.85996968679
 26.30588568143	 26.56798863408	 26.85996968679
 26.20171699798	 26.30588568143	 26.71543754047
 27.48036059307	 27.22345965694	 27.99703288061
 31.03102480867	 28.19660317308	 31.47514518138
 31.08219731936	 31.47514518138	 27.99703288061
 29.95590255654	 30.38491421444	 27.50502094471
 25.47760430361	 25.40501194176	 25.43932652732
 25.25630116902	 25.30824044851	 25.27925088531
 25.29573308318	 25.32623133540	 25.28865300864
 25.32623133540	 25.37292712690	 25.36955255147
 25.43932652732	 25.52195579298	 25.47760430361
 25.42531476468	 25.36955255147	 25.37292712690
 25.32089081917	 25.28865300864	 25.32623133540
 25.63187352609	 25.57635638644	 25.52195579298
 25.43932652732	 25.42531476468	 25.49791595554
 26.19344865763	 26.11383043019	 26.56395465835
 25.57091670587	 25.47760430361	 25.57635638644
 25.88012576800	 25.84485503352	 25.79777925692
 27.92862907229	 27.17052821508	 26.83537727700
 27.40296950275	 28.19660317308	 27.92862907229
 25.27925088531	 25.33519757667	 25.30378946132
 25.41936642207	 25.47006495998	 25.37147911572
 27.22345965694	 27.48036059307	 26.85996968679
 27.50502094471	 27.19480813910	 29.95590255654
 28.19660317308	 27.48036059307	 27.99703288061
 27.99703288061	 31.47514518138	 28.19660317308
 27.19480813910	 27.12898343909	 29.44819274991
 28.87724211412	 29.44819274991	 27.12898343909
 26.56798863408	 27.04680011895	 27.22345965694
 27.04680011895	 26.56798863408	 26.44887795914
 27.89297638864	 27.92110402824	 30.75099543060
 25.28888851157	 25.32901539097	 25.30829828052
 26.10261696177	 26.54567270120	 26.11383043019
 27.04680011895	 27.50502094471	 27.92110402824
 25.35747789509	 25.32089081917	 25.36955255147
 25.43932652732	 25.36955255147	 25.42531476468
 25.38634004416	 25.30824044851	 25.33207425864
 25.27925088531	 25.30824044851	 25.33519757667
 25.37292712690	 25.52858569896	 25.42531476468
 25.32623133540	 25.29573308318	 25.34289909763
 25.43932652732	 25.40501194176	 25.36955255147
 25.49684537787	 25.38145984493	 25.57091670587
 25.37292712690	 25.34289909763	 25.45785209653
 25.52858569896	 25.62822601010	 25.42531476468
 25.30829828052	 25.32901539097	 25.33207425864
 25.25503707881	 25.21766062092	 25.24561085521
 25.57635638644	 25.71890785766	 25.69356363000
 25.63187352609	 25.71890785766	 25.57635638644
 26.44887795914	 26.08765030863	 26.18502624939
 27.58950758982	 27.06562744370	 27.76197076781
 25.38071102129	 25.45785209653	 25.34289909763
 25.38071102129	 25.34289909763	 25.29573308318
 25.69356363000	 25.49684537787	 25.57091670587
 25.79777925692	 25.69356363000	 25.88012576800
 25.69356363000	 25.79777925692	 25.49684537787
 26.11383043019	 26.54567270120	 26.56395465835
 26.69412415194	 26.56395465835	 27.09103637053
 26.11383043019	 26.19344865763	 25.84682716999
 26.45868899891	 26.18502624939	 26.39622434395
 27.12898343909	 26.45868899891	 26.89649007583
 27.89297638864	 31.08219731936	 27.99703288061
 28.03233527933	 27.92862907229	 31.03102480867
 26.44887795914	 26.56798863408	 26.08765030863
 31.08219731936	 27.89297638864	 30.75099543060
 26.18502624939	 26.08765030863	 25.88204165556
 27.92110402824	 30.38491421444	 30.75099543060
 27.92110402824	 27.89297638864	 27.04680011895
 27.22345965694	 27.04680011895	 27.89297638864
 25.49791595554	 25.58738831034	 25.52195579298
 25.88204165556	 26.39622434395	 26.18502624939
 25.79516534926	 25.88204165556	 26.08765030863
 25.75953556971	 25.54346008580	 25.62157772709
 27.09103637053	 27.06562744370	 27.58950758982
 27.17052821508	 27.06562744370	 26.54567270120
 27.17052821508	 28.03233527933	 27.76197076781
 27.92862907229	 28.19660317308	 31.03102480867
 25.54346008580	 25.75953556971	 25.61871841014
 26.30588568143	 26.08765030863	 26.56798863408
 26.20171699798	 25.94123304025	 26.30588568143
 25.27925088531	 25.25503707881	 25.24561085521
 25.27925088531	 25.24561085521	 25.25630116902
 25.94123304025	 26.08765030863	 26.30588568143
 25.63187352609	 25.79516534926	 25.71890785766
 25.79516534926	 25.94123304025	 25.71890785766
 26.10279652223	 25.71018728205	 25.90023289569
 25.79516534926	 25.63187352609	 25.71018728205
 25.21766062092	 25.22388155201	 25.24561085521
 27.40296950275	 26.83537727700	 26.71543754047
 25.63187352609	 25.58738831034	 25.71018728205
 25.49791595554	 25.62822601010	 25.74028316760
 25.54346008580	 25.49684537787	 25.62157772709
 25.63187352609	 25.52195579298	 25.58738831034
 26.70132981887	 26.44887795914	 26.18502624939
 27.92862907229	 28.03233527933	 27.17052821508
 25.94123304025	 26.20171699798	 25.88012576800
 26.08765030863	 25.94123304025	 25.79516534926
 25.88012576800	 26.20171699798	 25.84485503352
 25.71018728205	 25.88204165556	 25.79516534926
 26.70132981887	 26.45868899891	 27.19480813910
 26.18502624939	 26.45868899891	 26.70132981887
 25.49684537787	 25.54346008580	 25.41936642207
 25.89539470971	 25.74531127465	 25.60243425918
 27.87797779517	 26.79593872795	 26.94910764402
 27.58623798189	 27.16827146774	 27.13223100618
 26.10046587746	 25.75602250778	 25.99373099040
 25.31622048233	 25.33021921618	 25.33830137353
 26.40272510050	 26.39960488886	 26.81876991001
 25.43184562531	 25.51201666606	 25.63784763669
 26.40272510050	 27.00015711264	 26.62511779195
 25.74531127465	 25.51201666606	 25.60243425918
 25.32895332286	 25.33293387139	 25.29611677254
 28.08727978606	 28.24987258699	 31.19283137173
 27.79334781819	 28.08727978606	 30.80901122709
 28.24987258699	 28.22913000790	 30.70005373391
 25.41100613417	 25.47052495264	 25.51945535654
 26.94910764402	 26.79593872795	 26.33528879358
 25.22965659467	 25.22284964481	 25.25070341088
 25.45629637174	 25.37332422399	 25.41100613417
 25.37364628361	 25.37928288459	 25.32895332286
 25.75602250778	 25.66907471785	 25.79996858679
 25.28378833340	 25.26198337438	 25.25070341088
 30.70005373391	 28.22913000790	 28.00805117553
 26.40272510050	 26.62511779195	 26.05760198931
 27.36782894283	 27.34012538441	 28.22913000790
 26.94532663424	 26.39960488886	 26.09145240326
 31.19283137173	 28.24987258699	 30.70005373391
 26.33528879358	 26.79593872795	 26.36851201410
 25.43164254872	 25.37928288459	 25.37364628361
 25.79996858679	 26.02627051686	 26.05760198931
 26.94910764402	 26.33528879358	 26.91174294548
 26.39587102606	 27.15291198594	 26.91174294548
 27.87797779517	 26.94910764402	 28.60036777618
 25.63732509494	 25.80396958973	 25.68304363237
 26.47930205305	 26.30268888178	 26.76817564647
 27.00015711264	 26.40272510050	 26.81876991001
 25.51978083245	 25.56185205116	 25.45604287035
 25.25070341088	 25.26198337438	 25.22965659467
 25.28378833340	 25.25070341088	 25.25973279648
 25.22284964481	 25.25973279648	 25.25070341088
 26.10682465180	 25.80396958973	 25.84155838755
 25.51978083245	 25.63732509494	 25.56185205116
 25.68304363237	 25.56185205116	 25.63732509494
 26.39587102606	 26.05760198931	 26.62511779195
 25.43184562531	 25.63784763669	 25.54220004013
 25.33021921618	 25.30955926885	 25.39675682890
 25.26198337438	 25.24124097228	 25.22965659467
 25.33830137353	 25.39675682890	 25.37364628361
 25.30955926885	 25.33021921618	 25.26198337438
 26.10682465180	 26.09145240326	 26.39960488886
 25.79996858679	 25.80396958973	 26.02627051686
 26.39960488886	 26.02627051686	 26.10682465180
 25.68304363237	 25.80396958973	 25.79996858679
 26.10046587746	 25.89539470971	 25.75602250778
 26.94532663424	 26.81876991001	 26.39960488886
 26.39587102606	 25.99373099040	 26.05760198931
 25.99373099040	 26.39587102606	 26.33528879358
 26.33528879358	 26.36851201410	 25.99373099040
 25.33830137353	 25.29659024342	 25.31622048233
 26.66344840309	 26.30268888178	 26.18657876454
 26.66344840309	 26.18657876454	 26.68945020757
 26.94910764402	 29.14479292097	 28.60036777618
 27.40177483745	 27.36782894283	 28.24987258699
 27.36782894283	 26.47930205305	 26.76817564647
 27.00015711264	 26.81876991001	 27.36569381367
 25.80396958973	 26.10682465180	 26.02627051686
 26.68945020757	 27.34708887927	 27.13223100618
 27.34708887927	 27.45857509145	 27.13223100618
 27.13223100618	 27.16827146774	 26.66344840309
 27.16827146774	 27.75230567186	 27.34012538441
 27.40177483745	 28.24987258699	 28.08727978606
 25.66907471785	 25.60243425918	 25.56185205116
 25.51201666606	 25.74531127465	 25.63784763669
 25.51201666606	 25.56185205116	 25.60243425918
 25.33293387139	 25.37928288459	 25.38034172073
 25.43164254872	 25.51978083245	 25.45604287035
 25.68304363237	 25.79996858679	 25.66907471785
 25.45604287035	 25.56185205116	 25.51201666606
 25.84155838755	 25.80396958973	 25.63732509494
 25.28378833340	 25.30955926885	 25.26198337438
 25.99373099040	 25.75602250778	 26.05760198931
 26.02627051686	 26.40272510050	 26.05760198931
 26.10682465180	 25.84155838755	 25.76375892733
 26.30268888178	 26.47930205305	 26.09145240326
 26.30268888178	 26.09145240326	 25.94082282577
 26.30268888178	 25.94082282577	 26.18657876454
 25.63732509494	 25.51978083245	 25.65913003318
 25.45022766574	 25.37364628361	 25.39675682890
 26.66344840309	 27.16827146774	 26.76817564647
 25.24124097228	 25.33021921618	 25.31622048233
 25.33021921618	 25.24124097228	 25.26198337438
 30.45727727361	 27.41838900737	 27.79334781819
 25.68377497210	 25.84182577457	 25.94082282577
 25.53418893122	 25.65913003318	 25.51978083245
 25.84155838755	 25.63732509494	 25.65913003318
 25.38034172073	 25.37928288459	 25.43184562531
 25.56185205116	 25.68304363237	 25.66907471785
 25.51201666606	 25.43184562531	 25.45604287035
 26.94910764402	 26.91174294548	 29.14479292097
 26.39587102606	 26.91174294548	 26.33528879358
 26.39587102606	 26.62511779195	 27.15291198594
 25.33830137353	 25.33021921618	 25.39675682890
 25.65913003318	 25.45629637174	 25.57672675374
 25.68377497210	 25.94082282577	 25.76375892733
 27.40177483745	 26.81876991001	 26.94532663424
 28.24987258699	 27.36782894283	 28.22913000790
 28.08727978606	 31.19283137173	 30.80901122709
 26.81876991001	 27.40177483745	 27.36569381367
 26.94532663424	 27.36782894283	 27.40177483745
 26.62511779195	 27.41838900737	 27.15291198594
 26.91174294548	 29.64440918598	 29.14479292097
 28.22913000790	 27.34012538441	 28.00805117553
 27.36782894283	 26.76817564647	 27.34012538441
 27.34012538441	 27.75230567186	 28.00805117553
 26.05760198931	 25.75602250778	 25.79996858679
 25.84182577457	 26.18657876454	 25.94082282577
 26.68945020757	 27.13223100618	 26.66344840309
 27.79334781819	 27.41838900737	 27.00015711264
 27.00015711264	 27.41838900737	 26.62511779195
 27.58623798189	 27.75230567186	 27.16827146774
 27.45857509145	 27.58623798189	 27.13223100618
 25.32895332286	 25.37928288459	 25.33293387139
 25.35324392368	 25.47341382874	 25.39862333147
 25.39862333147	 25.30238626569	 25.35324392368
 25.47341382874	 25.35324392368	 25.38034172073
 25.33830137353	 25.37364628361	 25.32895332286
 25.45604287035	 25.37928288459	 25.43164254872
 25.37364628361	 25.45022766574	 25.43164254872
 26.10046587746	 25.99373099040	 26.36851201410
 25.38034172073	 25.43184562531	 25.54220004013
 25.51945535654	 25.61651035311	 25.68377497210
 25.84155838755	 25.57672675374	 25.76375892733
 25.84182577457	 25.68377497210	 25.61651035311
 27.00015711264	 27.36569381367	 27.79334781819
 25.43184562531	 25.37928288459	 25.45604287035
 25.41100613417	 25.33662982587	 25.37395620779
 25.33662982587	 25.30955926885	 25.28378833340
 27.15291198594	 30.08094584749	 29.64440918598
 29.64440918598	 26.91174294548	 27.15291198594
 30.80901122709	 30.45727727361	 27.79334781819
 27.41838900737	 30.45727727361	 30.08094584749
 25.30238626569	 25.33293387139	 25.35324392368
 25.29659024342	 25.32895332286	 25.29611677254
 25.84155838755	 25.65913003318	 25.57672675374
 25.57672675374	 25.68377497210	 25.76375892733
 25.68377497210	 25.57672675374	 25.51945535654
 25.51945535654	 25.47052495264	 25.61651035311
 27.36569381367	 27.40177483745	 28.08727978606
 27.79334781819	 27.36569381367	 28.08727978606
 25.75602250778	 25.89539470971	 25.60243425918
 26.47930205305	 26.94532663424	 26.09145240326
 26.09145240326	 26.10682465180	 25.76375892733
 27.41838900737	 30.08094584749	 27.15291198594
 26.76817564647	 26.30268888178	 26.66344840309
 27.16827146774	 27.34012538441	 26.76817564647
 25.45629637174	 25.41100613417	 25.51945535654
 25.45629637174	 25.51945535654	 25.57672675374
 25.41100613417	 25.37395620779	 25.47052495264
 25.45629637174	 25.53418893122	 25.37332422399
 25.39675682890	 25.30955926885	 25.45022766574
 25.65913003318	 25.53418893122	 25.45629637174
 25.41100613417	 25.37332422399	 25.33662982587
 25.37395620779	 25.33662982587	 25.30761553384
 25.75602250778	 25.60243425918	 25.66907471785
 25.43164254872	 25.53418893122	 25.51978083245
 25.45022766574	 25.53418893122	 25.43164254872
 25.38034172073	 25.54220004013	 25.47341382874
 25.30761553384	 25.28378833340	 25.25973279648
 25.28378833340	 25.30761553384	 25.33662982587
 25.30238626569	 25.29611677254	 25.33293387139
 25.33830137353	 25.32895332286	 25.29659024342
 26.02627051686	 26.39960488886	 26.40272510050
 25.37332422399	 25.30955926885	 25.33662982587
 25.30955926885	 25.37332422399	 25.45022766574
 25.76375892733	 25.94082282577	 26.09145240326
 25.53418893122	 25.45022766574	 25.37332422399
 25.33293387139	 25.38034172073	 25.35324392368
 27.36782894283	 26.94532663424	 26.47930205305
 25.00843669179	 25.00509595294	 25.01092873562
 25.02075563953	 25.01898409717	 25.02081319741
 25.01544249915	 25.01248442835	 25.01029561908
 25.21766062092	 25.18015787172	 25.22388155201
 25.01172840117	 25.00943866300	 25.01210689696
 25.24124097228	 25.23851078477	 25.22965659467
 25.22965659467	 25.16363540658	 25.22284964481
 25.00505094340	 25.00499042319	 25.00850821995
 25.39862333147	 25.24428284142	 25.30238626569
 25.21769331418	 25.38071102129	 25.29573308318
 25.01697774316	 25.01571367468	 25.01076492527
 25.00850821995	 25.00499042319	 25.01121234656
 25.01775587632	 25.01987630915	 25.01881841105
 25.03568241865	 25.09087561662	 25.03413142221
 25.00843669179	 25.01092873562	 25.01137022905
 25.01594913826	 25.02058980562	 25.01722934386
 25.08804632757	 25.21769331418	 25.18015787172
 25.09655302087	 25.21769331418	 25.08804632757
 25.23851078477	 25.24124097228	 25.31622048233
 25.38071102129	 25.21769331418	 25.09655302087
 25.26285137464	 25.28888851157	 25.30829828052
 25.09655302087	 25.08804632757	 25.03268245559
 25.00942138259	 25.00943866300	 25.01172840117
 25.01544249915	 25.01414059303	 25.01775587632
 25.01881841105	 25.01987630915	 25.02058980562
 25.01881841105	 25.02058980562	 25.01594913826
 25.01544249915	 25.01029561908	 25.01414059303
 25.23456860019	 25.23935963005	 25.30829828052
 25.01076492527	 25.00505094340	 25.00850821995
 25.03021271857	 25.01563971600	 25.01187242303
 25.01987630915	 25.01775587632	 25.01414059303
 25.01485589494	 25.01599286372	 25.01838493469
 25.01697774316	 25.01076492527	 25.01121234656
 25.24428284142	 25.27360408958	 25.30238626569
 25.29659024342	 25.27229074625	 25.31622048233
 25.08804632757	 25.18015787172	 25.21766062092
 25.01176922741	 25.01583978749	 25.03413142221
 25.27360408958	 25.29659024342	 25.29611677254
 25.30238626569	 25.27360408958	 25.29611677254
 25.16363540658	 25.27229074625	 25.24428284142
 25.01248442835	 25.01144521821	 25.00906530119
 25.00906202082	 25.00906530119	 25.01144521821
 25.18015787172	 25.26285137464	 25.23935963005
 25.01069621078	 25.01283028880	 25.01599286372
 25.26285137464	 25.18015787172	 25.21769331418
 25.00906530119	 25.01029561908	 25.01248442835
 25.01583978749	 25.03568241865	 25.03413142221
 25.28888851157	 25.25955193546	 25.28865300864
 25.01898409717	 25.02075563953	 25.01838493469
 25.02081319741	 25.01571367468	 25.01697774316
 25.16363540658	 25.10505292133	 25.09087561662
 25.24428284142	 25.10505292133	 25.16363540658
 25.01144521821	 25.01184833308	 25.00906202082
 25.01898409717	 25.01571367468	 25.02081319741
 25.03021271857	 25.09655302087	 25.03268245559
 25.01184833308	 25.01583978749	 25.01176922741
 25.01176922741	 25.00906202082	 25.01184833308
 25.00942138259	 25.01172840117	 25.01283028880
 25.01485589494	 25.01838493469	 25.02075563953
 25.00943866300	 25.01187242303	 25.01210689696
 25.01069621078	 25.00942138259	 25.01283028880
 25.01599286372	 25.01485589494	 25.01069621078
 25.03413142221	 25.09087561662	 25.10505292133
 25.01210689696	 25.01187242303	 25.01563971600
 25.22388155201	 25.23935963005	 25.23456860019
 25.29573308318	 25.28865300864	 25.25955193546
 25.00502019870	 25.00843669179	 25.01137022905
 25.00509595294	 25.00843669179	 25.00502019870
 25.21769331418	 25.29573308318	 25.25955193546
 25.23935963005	 25.26285137464	 25.30829828052
 25.18015787172	 25.23935963005	 25.22388155201
 25.26285137464	 25.21769331418	 25.25955193546
 25.26285137464	 25.25955193546	 25.28888851157
 25.03268245559	 25.01563971600	 25.03021271857
 25.24428284142	 25.27229074625	 25.27360408958
 25.01076492527	 25.00850821995	 25.01121234656
 25.29659024342	 25.27360408958	 25.27229074625
 25.16363540658	 25.22965659467	 25.23851078477
 25.10505292133	 25.24428284142	 25.39862333147
 25.16363540658	 25.09087561662	 25.22284964481
 25.27229074625	 25.23851078477	 25.31622048233
 25.27229074625	 25.16363540658	 25.23851078477
 25.01722934386	 25.01092873562	 25.01594913826
 25.01137022905	 25.01092873562	 25.01722934386
 25.00139476413	 25.00197731770	 25.00530770461
 25.00663622965	 25.00641781414	 25.00589492469
 25.00757713207	 25.01125782891	 25.00696580554
 25.00274040836	 25.00935170360	 25.00305639472
 25.00935170360	 25.01246752716	 25.01193667690
 25.00940726253	 25.01137022905	 25.01475211379
 25.00213338689	 25.00142962585	 25.00079358153
 25.00906227787	 25.00742503017	 25.00928492832
 25.00527983790	 25.00312826077	 25.00344619813
 25.00747468205	 25.00537688055	 25.01115083912
 25.01876892359	 25.02075563953	 25.02380785277
 25.01042592426	 25.00488645946	 25.01202343976
 25.38071102129	 25.09655302087	 25.22593583215
 25.01507161977	 25.00401943809	 25.00461579123
 28.28272431178	 28.49554435084	 26.94562410502
 25.00955705169	 25.01962561076	 25.01171336574
 25.00019823200	 25.00139476413	 25.00530770461
 26.37786064597	 26.79593872795	 26.83762315094
 25.00761165268	 25.00870310040	 25.01383704094
 26.94562410502	 28.49554435084	 27.05425758754
 25.00769136080	 25.00818967617	 25.00508085478
 25.00530770461	 25.00197731770	 25.00751374060
 25.00900751001	 25.00714684470	 25.00872732015
 25.01636793120	 25.03384669397	 25.02733035250
 25.00789528561	 25.01285050247	 25.01115083912
 25.00928492832	 25.01193667690	 25.01246752716
 25.00629686095	 25.00595051321	 25.00642770275
 25.00734941571	 25.00673243703	 25.00761165268
 25.01207034336	 25.01636793120	 25.01086025699
 25.80362499057	 25.53193330404	 25.47682581871
 25.00836077708	 25.00906530119	 25.00781773994
 25.00913640257	 25.00818967617	 25.00769136080
 25.01032097398	 25.00723332704	 25.00857410161
 25.00719096958	 25.00900751001	 25.01086025699
 25.01124301542	 25.01550407803	 25.00730696261
 25.00696580554	 25.00511349435	 25.01068043071
 25.00460296840	 25.01171336574	 25.00461579123
 25.00757713207	 25.00643713616	 25.00590970160
 25.00455963975	 25.00751374060	 25.00096394608
 25.01246752716	 25.00906227787	 25.00928492832
 25.02984003806	 25.04971604887	 25.03220827647
 25.00687963859	 25.00629686095	 25.00642770275
 25.02810093140	 25.10112716460	 25.04311209454
 25.15933099280	 25.08265483563	 25.10112716460
 25.00139476413	 25.00019823200	 25.00027714660
 25.00077433701	 25.00019823200	 25.00530770461
 25.00818967617	 25.00213338689	 25.00508085478
 25.00730696261	 25.00619412187	 25.00599359181
 25.03758259185	 25.02043792180	 25.05421103910
 25.00743058806	 25.00599359181	 25.00619412187
 25.00722050970	 25.00239767928	 25.00784409876
 25.17026564164	 25.07986000712	 25.04311209454
 25.01077408308	 25.01115083912	 25.00913640257
 25.01125782891	 25.01124301542	 25.00360770427
 25.01876892359	 25.01134226281	 25.01485589494
 25.00693291679	 25.00707518206	 25.00641781414
 25.08859522143	 25.01567916719	 25.03413142221
 25.00637076642	 25.00619412187	 25.00567399894
 25.02554890172	 25.04971604887	 25.03398944259
 25.04971604887	 25.02312412330	 25.03398944259
 25.75607409805	 25.40822296444	 26.02091269621
 25.02839974774	 25.04722039863	 25.03384669397
 25.00537688055	 25.00759436438	 25.00913640257
 25.00537688055	 25.00913640257	 25.01115083912
 25.22593583215	 25.27384400616	 25.40083817988
 25.39859244249	 25.52560809073	 25.76936306149
 25.02839974774	 25.03384669397	 25.01962561076
 25.00880542354	 25.00803122471	 25.00751374060
 25.00855708558	 25.00965351282	 25.01396853030
 25.01739980509	 25.01081860197	 25.01396853030
 25.00656180265	 25.00646020217	 25.00766194749
 25.00700913226	 25.00865617762	 25.01099769627
 25.00960190327	 25.01488262893	 25.01207034336
 25.00769136080	 25.00144767541	 25.01077408308
 25.00082628050	 25.00508085478	 25.00025397658
 25.01488262893	 25.00960190327	 25.00306301915
 25.01636793120	 25.01507161977	 25.03384669397
 25.00401943809	 25.01507161977	 25.01488262893
 25.00401943809	 25.01488262893	 25.00306301915
 25.00884307828	 25.00994094969	 25.00759678445
 25.00942539341	 25.01433149206	 25.01121234656
 28.28272431178	 32.03351316149	 31.96602270798
 25.73213760688	 26.46406758350	 26.52858263594
 27.94639892849	 29.68782324981	 30.34664069860
 25.01077408308	 25.00913640257	 25.00769136080
 25.00270631027	 25.00960190327	 25.00857410161
 25.02959956463	 25.02545218534	 25.02309339925
 25.01488262893	 25.01507161977	 25.01636793120
 25.02839974774	 25.02959956463	 25.04722039863
 25.01017002592	 25.00940726253	 25.01475211379
 25.01945005838	 25.01962561076	 25.01103929883
 25.00942539341	 25.00499042319	 25.00494469510
 26.83762315094	 27.28220773214	 26.32352715283
 25.00707518206	 25.00890073123	 25.00745935386
 25.00312826077	 25.00296668401	 25.00344619813
 25.00078324508	 25.00082215101	 25.00223225882
 25.02554890172	 25.01410942458	 25.04971604887
 25.00759678445	 25.00784888200	 25.00693291679
 25.51558818251	 25.52560809073	 25.28700018077
 25.01155193942	 25.02177590884	 25.02810093140
 25.28700018077	 25.30586315320	 25.08265483563
 25.17026564164	 25.21721250829	 25.11558106523
 25.03705022822	 25.04311209454	 25.07986000712
 25.00655658137	 25.00589492469	 25.00641781414
 25.04120378155	 25.05972750359	 25.06529824182
 25.00855708558	 25.01081860197	 25.00836077708
 25.00150052944	 25.00803122471	 25.01064341609
 25.04240740232	 25.07211382933	 25.05972750359
 25.00296668401	 25.00455963975	 25.00344619813
 25.00533808908	 25.00701927870	 25.00312826077
 25.00742503017	 25.00637076642	 25.00745935386
 25.01170340537	 25.00793074388	 25.00663622965
 25.00734941571	 25.00855708558	 25.00745115934
 25.00870310040	 25.02733035250	 25.01383704094
 25.00766194749	 25.01099769627	 25.02177590884
 25.02204277846	 25.02545218534	 25.01945005838
 25.80362499057	 26.10279652223	 25.90023289569
 25.01722934386	 25.02204277846	 25.01475211379
 25.80362499057	 25.47682581871	 25.74754585415
 25.52560809073	 25.88421337058	 25.76936306149
 25.00527983790	 25.00344619813	 25.00537688055
 25.30586315320	 25.52560809073	 25.39859244249
 31.72486549157	 28.49554435084	 31.96602270798
 25.74754585415	 25.47241638580	 25.75607409805
 25.80362499057	 26.18754904505	 26.10279652223
 25.00940726253	 25.01017002592	 25.00493632401
 28.09689495532	 27.22093235216	 28.72712395803
 25.00906227787	 25.00976746174	 25.01052394498
 25.00742503017	 25.00906227787	 25.00743058806
 25.00745935386	 25.00928492832	 25.00742503017
 25.01488262893	 25.01636793120	 25.01207034336
 25.00424478306	 25.01436716433	 25.00452583491
 25.00745935386	 25.01107861215	 25.00928492832
 25.01121234656	 25.00499042319	 25.00942539341
 25.00488645946	 25.01042592426	 25.00494469510
 25.01504840411	 25.00989695266	 25.01193667690
 25.01205846002	 25.00857410161	 25.00960190327
 25.01124301542	 25.01051903347	 25.01550407803
 25.00992762378	 25.01627012400	 25.00709674366
 25.00360770427	 25.00533808908	 25.00312826077
 25.10112716460	 25.02810093140	 25.02177590884
 25.00701927870	 25.00533808908	 25.00884933255
 25.00742503017	 25.00743058806	 25.00619412187
 25.01107861215	 25.01504840411	 25.01193667690
 25.01504840411	 25.01107861215	 25.02554890172
 25.01115083912	 25.01077408308	 25.00789528561
 25.00144767541	 25.00221952715	 25.01077408308
 26.52858263594	 26.02091269621	 25.73213760688
 25.00761165268	 25.00673243703	 25.00687963859
 25.00836077708	 25.00745115934	 25.00855708558
 25.01103929883	 25.00955705169	 25.00468773487
 29.83504797187	 29.29725853885	 27.69413284320
 26.18754904505	 25.80362499057	 25.74754585415
 25.00082215101	 25.00137085403	 25.00223225882
 25.00137085403	 25.00142962585	 25.00096394608
 25.01029561908	 25.00836077708	 25.01081860197
 25.02309339925	 25.01739980509	 25.01396853030
 27.94639892849	 30.34664069860	 28.01555961764
 25.00900751001	 25.00872732015	 25.01205846002
 25.02733035250	 25.00870310040	 25.01086025699
 25.01945005838	 25.02839974774	 25.01962561076
 25.00935170360	 25.01193667690	 25.00989695266
 25.00274040836	 25.00855706976	 25.00935170360
 25.00530770461	 25.00751374060	 25.00803122471
 25.02554890172	 25.01107861215	 25.00890073123
 25.01504840411	 25.02554890172	 25.03398944259
 25.00661553673	 25.00663622965	 25.00793074388
 25.00223225882	 25.00139476413	 25.00078324508
 25.01042592426	 25.01813110344	 25.01433149206
 25.00784888200	 25.00890073123	 25.00707518206
 25.00866095337	 25.01069621078	 25.01134226281
 25.09655302087	 25.07341392759	 25.22593583215
 25.53193330404	 25.27384400616	 25.47682581871
 25.11558106523	 25.07986000712	 25.17026564164
 25.11558106523	 25.07211382933	 25.07986000712
 25.00629765205	 25.00296668401	 25.00701927870
 25.00455963975	 25.00296668401	 25.00629765205
 25.01410942458	 25.02554890172	 25.00890073123
 25.00965351282	 25.02561321145	 25.01396853030
 25.28749608604	 25.14202651312	 25.24114879840
 25.01081860197	 25.00855708558	 25.01396853030
 25.02561321145	 25.02309339925	 25.01396853030
 25.01583686879	 25.00909747719	 25.01297025604
 25.00360770427	 25.01124301542	 25.00533808908
 25.00511349435	 25.00360770427	 25.00312826077
 25.63784763669	 25.74531127465	 25.54414681807
 25.00139476413	 25.00223225882	 25.00197731770
 25.00537688055	 25.00344619813	 25.00759436438
 26.46664627812	 27.22093235216	 26.28764025333
 26.28764025333	 27.22093235216	 26.94937167751
 25.40083817988	 25.53193330404	 25.52858569896
 29.68782324981	 27.94639892849	 29.01832741047
 25.40822296444	 25.39859244249	 25.73213760688
 26.02091269621	 25.40822296444	 25.73213760688
 26.46664627812	 25.75607409805	 26.02091269621
 26.46406758350	 25.73213760688	 25.76936306149
 28.01555961764	 30.34664069860	 31.10295502847
 25.73213760688	 25.39859244249	 25.76936306149
 28.28272431178	 28.01555961764	 31.61713129409
 25.01124301542	 25.00599359181	 25.00533808908
 25.01052394498	 25.01126263504	 25.00884933255
 25.00784409876	 25.01081053180	 25.01274500305
 25.00884933255	 25.00533808908	 25.00599359181
 25.00909747719	 25.00730696261	 25.01550407803
 25.00567399894	 25.00619412187	 25.00730696261
 25.00655658137	 25.00637076642	 25.00589492469
 25.01051903347	 25.01125782891	 25.00757713207
 25.02810093140	 25.02807512061	 25.01419517815
 25.01099769627	 25.00766194749	 25.00700913226
 25.00890073123	 25.01107861215	 25.00745935386
 25.00890665737	 25.00663622965	 25.00589492469
 25.02984003806	 25.02429941725	 25.01982928141
 25.00976746174	 25.01274500305	 25.01052394498
 25.01410942458	 25.03220827647	 25.04971604887
 25.00221952715	 25.00789528561	 25.01077408308
 25.00823880876	 25.00865617762	 25.00728213164
 25.00836077708	 25.00781773994	 25.00745115934
 25.01507161977	 25.00461579123	 25.01171336574
 25.01103929883	 25.00481141027	 25.01017002592
 25.00111687063	 25.00142962585	 25.00137085403
 25.00111687063	 25.00137085403	 25.00082215101
 25.00142962585	 25.00213338689	 25.00818967617
 25.00197731770	 25.00223225882	 25.00137085403
 25.62822601010	 25.53193330404	 25.74028316760
 25.00468773487	 25.00955705169	 25.00460296840
 25.01051903347	 25.00757713207	 25.00709674366
 25.01107861215	 25.01193667690	 25.00928492832
 25.01982928141	 25.02429941725	 25.01813110344
 25.00761165268	 25.00965351282	 25.00734941571
 25.00870310040	 25.00761165268	 25.00687963859
 25.28749608604	 25.28700018077	 25.15933099280
 25.24542553218	 25.41354352211	 25.23145213012
 25.03423167694	 25.04240740232	 25.02615156097
 25.02595947815	 25.04120378155	 25.09439368895
 25.01550407803	 25.01297025604	 25.00909747719
 25.27384400616	 25.25682876340	 25.47682581871
 25.01383704094	 25.04722039863	 25.02561321145
 26.46664627812	 26.02091269621	 27.05425758754
 25.21721250829	 25.39859244249	 25.40822296444
 26.46406758350	 27.94639892849	 28.01555961764
 27.28220773214	 29.01832741047	 27.94639892849
 27.28220773214	 27.94639892849	 26.46406758350
 26.52858263594	 26.46406758350	 28.01555961764
 27.05425758754	 26.02091269621	 26.94562410502
 25.47241638580	 25.24542553218	 25.40822296444
 25.00818967617	 25.00913640257	 25.00759436438
 25.00906227787	 25.01052394498	 25.00743058806
 25.01126263504	 25.00701927870	 25.00884933255
 25.01052394498	 25.01274500305	 25.01126263504
 25.01246752716	 25.00976746174	 25.00906227787
 25.01804196730	 25.01056844132	 25.01583686879
 25.00616828442	 25.01056844132	 25.00890665737
 25.00942138259	 25.00866095337	 25.00812332302
 25.01243555599	 25.00890665737	 25.01056844132
 25.00589492469	 25.00616828442	 25.00890665737
 25.00567399894	 25.00616828442	 25.00589492469
 25.00629686095	 25.00656180265	 25.00595051321
 25.00137085403	 25.00096394608	 25.00197731770
 25.01126263504	 25.01081053180	 25.00629765205
 25.00527983790	 25.00537688055	 25.00747468205
 25.03413142221	 25.01567916719	 25.01176922741
 25.00906202082	 25.00823880876	 25.00781773994
 25.01171336574	 25.00460296840	 25.00955705169
 25.00940726253	 25.00493632401	 25.00502019870
 31.11573963439	 28.49554435084	 31.72486549157
 26.94562410502	 26.02091269621	 26.52858263594
 25.00075453612	 25.00213338689	 25.00079358153
 25.00079358153	 25.00142962585	 25.00111687063
 25.00296668401	 25.00312826077	 25.00701927870
 25.00002334082	 25.00186930906	 25.00075453612
 25.00769136080	 25.00082628050	 25.00144767541
 25.03384669397	 25.01507161977	 25.01171336574
 25.02545218534	 25.02839974774	 25.01945005838
 25.04722039863	 25.01383704094	 25.02733035250
 25.01202343976	 25.00488645946	 25.00473262737
 25.00344619813	 25.00455963975	 25.00759436438
 25.30586315320	 25.21721250829	 25.17026564164
 25.02810093140	 25.04311209454	 25.02807512061
 25.00871729012	 25.01155193942	 25.01419517815
 25.39862333147	 25.24114879840	 25.10505292133
 25.10505292133	 25.08859522143	 25.03413142221
 25.00890665737	 25.01170340537	 25.00663622965
 25.00823880876	 25.00728213164	 25.00781773994
 25.00728213164	 25.00745115934	 25.00781773994
 25.21721250829	 25.24542553218	 25.11558106523
 25.00836077708	 25.01029561908	 25.00906530119
 25.02058980562	 25.02204277846	 25.01722934386
 25.02839974774	 25.02545218534	 25.02959956463
 25.00755639052	 25.00724731972	 25.00892526484
 25.90023289569	 25.74028316760	 25.80362499057
 25.53193330404	 25.80362499057	 25.74028316760
 25.74531127465	 25.78699545626	 25.54414681807
 27.87797779517	 28.50389859682	 27.28220773214
 27.28220773214	 28.50389859682	 29.01832741047
 28.28272431178	 26.52858263594	 28.01555961764
 31.61713129409	 28.01555961764	 31.10295502847
 32.03351316149	 28.28272431178	 31.61713129409
 25.13000517673	 25.03018648274	 25.06379498999
 25.00637076642	 25.00742503017	 25.00619412187
 25.00714684470	 25.00643713616	 25.00793836379
 25.02733035250	 25.01086025699	 25.01636793120
 25.00629765205	 25.00880542354	 25.00455963975
 25.00803122471	 25.00880542354	 25.01064341609
 25.00481141027	 25.00493632401	 25.01017002592
 25.03018648274	 25.01108409702	 25.06379498999
 25.01243555599	 25.01804196730	 25.02615156097
 25.01170340537	 25.01243555599	 25.02595947815
 25.05972750359	 25.07211382933	 25.11558106523
 25.01804196730	 25.03423167694	 25.02615156097
 25.00511349435	 25.00312826077	 25.00527983790
 25.00221952715	 25.00236437615	 25.00789528561
 25.01032097398	 25.00857410161	 25.01205846002
 25.22593583215	 25.13000517673	 25.27384400616
 25.00646020217	 25.00686728112	 25.00700913226
 25.01103929883	 25.01017002592	 25.01945005838
 25.01962561076	 25.00955705169	 25.01103929883
 25.00468773487	 25.00481141027	 25.01103929883
 25.00880542354	 25.01081053180	 25.01064341609
 25.10112716460	 25.02177590884	 25.07368825783
 25.03290921851	 25.01567916719	 25.08859522143
 25.04240740232	 25.04120378155	 25.02615156097
 25.02615156097	 25.02595947815	 25.01243555599
 25.00892526484	 25.01108409702	 25.03018648274
 25.00686728112	 25.00745115934	 25.00728213164
 25.00900751001	 25.01207034336	 25.01086025699
 25.00646020217	 25.00656180265	 25.00629686095
 25.25682876340	 25.14699141309	 25.06529824182
 25.00823880876	 25.01176922741	 25.01567916719
 25.00865617762	 25.00823880876	 25.01567916719
 25.53193330404	 25.40083817988	 25.27384400616
 25.38071102129	 25.40083817988	 25.45785209653
 25.52858569896	 25.45785209653	 25.40083817988
 25.51558818251	 25.54414681807	 25.78699545626
 26.83762315094	 27.87797779517	 27.28220773214
 26.46406758350	 25.76936306149	 26.32352715283
 25.88421337058	 26.32352715283	 25.76936306149
 25.00142962585	 25.00818967617	 25.00096394608
 25.00614104715	 25.00709674366	 25.00590970160
 25.01032097398	 25.00909365940	 25.01285050247
 25.01068043071	 25.00747468205	 25.00909365940
 25.01115083912	 25.01285050247	 25.00747468205
 25.00793836379	 25.01068043071	 25.00909365940
 25.00590970160	 25.00595051321	 25.00614104715
 25.01125782891	 25.00360770427	 25.00511349435
 25.00656180265	 25.00871729012	 25.00595051321
 25.00527983790	 25.01068043071	 25.00511349435
 25.00872732015	 25.00714684470	 25.00793836379
 25.00687963859	 25.00642770275	 25.00719096958
 25.00714684470	 25.00635428178	 25.00643713616
 25.01410942458	 25.00784888200	 25.00994094969
 25.00502019870	 25.01137022905	 25.00940726253
 25.00614104715	 25.00871729012	 25.00992762378
 25.03758259185	 25.01804196730	 25.01583686879
 25.00793836379	 25.00696580554	 25.01068043071
 25.00793836379	 25.00643713616	 25.00696580554
 25.00239767928	 25.00722050970	 25.00243161335
 25.00757713207	 25.00590970160	 25.00709674366
 26.36851201410	 26.79593872795	 26.37786064597
 25.51558818251	 25.28749608604	 25.54414681807
 25.01475211379	 25.01945005838	 25.01017002592
 25.01137022905	 25.01722934386	 25.01475211379
 25.01205846002	 25.00960190327	 25.01207034336
 25.01171336574	 25.01962561076	 25.03384669397
 25.00751374060	 25.00455963975	 25.00880542354
 25.00855706976	 25.00976746174	 25.01246752716
 25.40822296444	 25.24542553218	 25.21721250829
 25.17026564164	 25.04311209454	 25.08265483563
 25.30586315320	 25.39859244249	 25.21721250829
 25.47241638580	 25.74754585415	 25.41354352211
 25.74754585415	 25.47682581871	 25.41354352211
 25.51558818251	 25.28700018077	 25.28749608604
 25.05972750359	 25.11558106523	 25.23145213012
 25.03423167694	 25.07211382933	 25.04240740232
 25.01056844132	 25.01804196730	 25.01243555599
 25.00655658137	 25.00641781414	 25.00707518206
 25.00530770461	 25.00803122471	 25.00077433701
 25.24114879840	 25.08859522143	 25.10505292133
 25.10112716460	 25.07368825783	 25.15933099280
 25.02380785277	 25.02075563953	 25.02081319741
 25.24114879840	 25.41745802658	 25.28749608604
 25.78699545626	 25.74531127465	 25.89539470971
 25.00960190327	 25.00270631027	 25.00306301915
 25.00723332704	 25.00789528561	 25.00236437615
 25.00789528561	 25.00723332704	 25.01285050247
 25.01099769627	 25.07368825783	 25.02177590884
 25.01567916719	 25.03290921851	 25.00865617762
 25.22593583215	 25.07341392759	 25.13000517673
 25.27384400616	 25.13000517673	 25.14699141309
 25.01099769627	 25.00865617762	 25.03290921851
 25.24542553218	 25.47241638580	 25.41354352211
 25.23145213012	 25.25682876340	 25.06529824182
 25.41354352211	 25.47682581871	 25.25682876340
 25.23145213012	 25.41354352211	 25.25682876340
 25.54414681807	 25.41745802658	 25.54220004013
 26.08384411575	 25.78699545626	 25.89539470971
 25.54414681807	 25.54220004013	 25.63784763669
 25.00909365940	 25.00872732015	 25.00793836379
 25.00641781414	 25.00661553673	 25.00693291679
 26.46664627812	 27.69413284320	 27.22093235216
 25.40822296444	 25.75607409805	 25.47241638580
 25.00025397658	 25.00508085478	 25.00186930906
 25.00186930906	 25.00508085478	 25.00213338689
 25.00186930906	 25.00002334082	 25.00025397658
 25.01056844132	 25.00616828442	 25.00909747719
 25.01513094833	 25.07341392759	 25.03021271857
 25.01243555599	 25.01170340537	 25.00890665737
 25.00643713616	 25.00635428178	 25.00590970160
 25.01032097398	 25.01205846002	 25.00872732015
 25.01627012400	 25.01297025604	 25.00709674366
 25.02561321145	 25.04722039863	 25.02959956463
 25.00965351282	 25.01383704094	 25.02561321145
 25.00880542354	 25.00629765205	 25.01081053180
 26.08384411575	 25.88421337058	 25.78699545626
 25.01042592426	 25.01202343976	 25.01813110344
 25.02380785277	 25.02081319741	 25.02171386108
 25.02576378395	 25.02429941725	 25.02984003806
 25.03398944259	 25.02312412330	 25.01436716433
 25.02312412330	 25.01982928141	 25.01321914705
 25.02279899392	 25.02058980562	 25.01987630915
 25.02058980562	 25.02279899392	 25.02204277846
 25.02733035250	 25.03384669397	 25.04722039863
 25.01202343976	 25.00473262737	 25.01321914705
 25.01042592426	 25.00942539341	 25.00494469510
 25.01987630915	 25.01414059303	 25.01739980509
 25.01813110344	 25.02171386108	 25.01433149206
 25.01697774316	 25.02171386108	 25.02081319741
 25.02279899392	 25.01987630915	 25.01739980509
 25.00766194749	 25.02177590884	 25.01155193942
 25.00728213164	 25.00700913226	 25.00686728112
 25.00823880876	 25.00906202082	 25.01176922741
 25.00906530119	 25.00906202082	 25.00781773994
 26.28764025333	 26.18754904505	 25.74754585415
 25.74754585415	 25.75607409805	 26.28764025333
 25.51558818251	 25.88421337058	 25.52560809073
 25.00635428178	 25.00714684470	 25.00719096958
 25.00635428178	 25.00719096958	 25.00642770275
 25.00900751001	 25.00719096958	 25.00714684470
 25.03423167694	 25.01804196730	 25.03758259185
 25.04311209454	 25.03705022822	 25.02807512061
 25.00992762378	 25.00871729012	 25.01419517815
 25.02043792180	 25.03705022822	 25.05421103910
 25.00755639052	 25.00892526484	 25.00855538409
 25.01433149206	 25.02171386108	 25.01697774316
 25.02576378395	 25.02380785277	 25.02429941725
 25.02312412330	 25.01321914705	 25.01436716433
 25.01436716433	 25.01321914705	 25.00452583491
 25.41745802658	 25.47341382874	 25.54220004013
 25.00338089499	 25.01503254339	 25.00424478306
 25.05421103910	 25.03705022822	 25.07986000712
 25.10112716460	 25.08265483563	 25.04311209454
 25.01549782384	 25.02576378395	 25.03220827647
 25.00700913226	 25.00766194749	 25.00646020217
 25.01627012400	 25.02043792180	 25.03758259185
 25.62822601010	 25.52858569896	 25.53193330404
 26.18754904505	 26.28764025333	 26.55685231326
 25.00614104715	 25.00595051321	 25.00871729012
 25.02043792180	 25.00992762378	 25.01419517815
 25.02807512061	 25.03705022822	 25.02043792180
 25.00709674366	 25.00614104715	 25.00992762378
 25.01550407803	 25.01051903347	 25.01297025604
 25.05972750359	 25.23145213012	 25.06529824182
 25.07211382933	 25.03423167694	 25.05421103910
 25.00734941571	 25.00965351282	 25.00855708558
 26.28764025333	 25.75607409805	 26.46664627812
 25.01503254339	 25.00338089499	 25.00989695266
 25.01414059303	 25.01029561908	 25.01081860197
 25.24114879840	 25.39862333147	 25.41745802658
 25.01032097398	 25.01285050247	 25.00723332704
 25.00976746174	 25.00722050970	 25.01274500305
 25.01126263504	 25.01274500305	 25.01081053180
 25.03398944259	 25.01503254339	 25.01504840411
 25.01419517815	 25.01155193942	 25.02810093140
 25.01155193942	 25.00871729012	 25.00656180265
 25.14202651312	 25.15933099280	 25.07368825783
 25.00855538409	 25.00892526484	 25.01513094833
 25.09655302087	 25.03021271857	 25.07341392759
 25.00884307828	 25.01549782384	 25.00994094969
 25.22593583215	 25.40083817988	 25.38071102129
 25.41745802658	 25.39862333147	 25.47341382874
 25.00687963859	 25.00719096958	 25.00870310040
 25.00884933255	 25.00743058806	 25.01052394498
 25.00745935386	 25.00637076642	 25.00655658137
 25.00673243703	 25.00734941571	 25.00686728112
 25.00745115934	 25.00686728112	 25.00734941571
 25.00673243703	 25.00629686095	 25.00687963859
 25.02959956463	 25.02309339925	 25.02561321145
 25.01549782384	 25.01134226281	 25.01876892359
 25.01876892359	 25.02380785277	 25.02576378395
 25.01504840411	 25.01503254339	 25.00989695266
 25.00989695266	 25.00338089499	 25.00305639472
 25.00236437615	 25.00240452993	 25.00723332704
 25.00240452993	 25.00857410161	 25.00723332704
 25.01410942458	 25.00994094969	 25.03220827647
 25.01876892359	 25.01485589494	 25.02075563953
 25.00673243703	 25.00646020217	 25.00629686095
 25.01513094833	 25.01187242303	 25.00855538409
 25.03290921851	 25.07368825783	 25.01099769627
 25.30586315320	 25.17026564164	 25.08265483563
 27.69413284320	 29.29725853885	 28.72712395803
 25.00719096958	 25.01086025699	 25.00870310040
 25.00730696261	 25.00909747719	 25.00567399894
 25.01056844132	 25.00909747719	 25.01583686879
 25.23145213012	 25.11558106523	 25.24542553218
 25.00728213164	 25.00865617762	 25.00700913226
 25.01383704094	 25.00965351282	 25.00761165268
 25.00884307828	 25.01134226281	 25.01549782384
 25.01876892359	 25.02576378395	 25.01549782384
 25.00935170360	 25.00989695266	 25.00305639472
 26.94937167751	 28.09689495532	 26.89649007583
 26.39622434395	 26.55685231326	 26.89649007583
 26.94937167751	 26.55685231326	 26.28764025333
 26.55685231326	 26.94937167751	 26.89649007583
 25.00508085478	 25.00082628050	 25.00769136080
 25.01170340537	 25.02595947815	 25.02004987021
 25.02615156097	 25.04120378155	 25.02595947815
 25.00643713616	 25.00757713207	 25.00696580554
 26.32352715283	 27.28220773214	 26.46406758350
 25.14699141309	 25.06379498999	 25.09439368895
 25.01134226281	 25.01069621078	 25.01485589494
 26.10046587746	 26.08384411575	 25.89539470971
 26.08384411575	 26.37786064597	 25.88421337058
 25.05972750359	 25.04120378155	 25.04240740232
 25.01739980509	 25.01414059303	 25.01081860197
 25.00096394608	 25.00751374060	 25.00197731770
 25.00759436438	 25.00455963975	 25.00096394608
 25.00759436438	 25.00096394608	 25.00818967617
 25.00693291679	 25.00709269841	 25.00759678445
 25.00884307828	 25.00772096318	 25.00866095337
 25.03220827647	 25.00994094969	 25.01549782384
 25.01064341609	 25.00226268381	 25.00150052944
 25.00855706976	 25.00243161335	 25.00722050970
 26.94937167751	 27.22093235216	 28.09689495532
 25.00855538409	 25.01187242303	 25.00943866300
 25.00812332302	 25.00855538409	 25.00943866300
 25.00656180265	 25.00766194749	 25.01155193942
 25.01419517815	 25.02807512061	 25.02043792180
 25.02004987021	 25.01108409702	 25.00793074388
 25.00866095337	 25.01134226281	 25.00884307828
 27.05425758754	 28.60458947143	 27.69413284320
 27.69413284320	 26.46664627812	 27.05425758754
 27.22093235216	 27.69413284320	 28.72712395803
 28.49554435084	 31.11573963439	 28.60458947143
 27.05425758754	 28.49554435084	 28.60458947143
 28.60458947143	 29.83504797187	 27.69413284320
 25.01297025604	 25.01051903347	 25.00709674366
 25.01125782891	 25.01051903347	 25.01124301542
 25.00595051321	 25.00590970160	 25.00635428178
 25.03220827647	 25.02576378395	 25.02984003806
 25.03018648274	 25.01513094833	 25.00892526484
 26.32352715283	 26.37786064597	 26.83762315094
 25.01436716433	 25.01503254339	 25.03398944259
 25.05421103910	 25.07986000712	 25.07211382933
 26.18754904505	 26.39622434395	 26.10279652223
 26.18754904505	 26.55685231326	 26.39622434395
 25.00661553673	 25.00724731972	 25.00709269841
 25.00709269841	 25.00724731972	 25.00755639052
 25.01064341609	 25.01081053180	 25.00784409876
 25.00077433701	 25.00803122471	 25.00150052944
 25.00784409876	 25.00226268381	 25.01064341609
 25.00239767928	 25.00226268381	 25.00784409876
 25.03423167694	 25.03758259185	 25.05421103910
 25.01982928141	 25.02312412330	 25.02984003806
 25.01202343976	 25.01321914705	 25.01982928141
 25.00784888200	 25.01410942458	 25.00890073123
 25.00693291679	 25.00784888200	 25.00707518206
 25.00994094969	 25.00784888200	 25.00759678445
 25.00759678445	 25.00709269841	 25.00772096318
 25.00793074388	 25.01170340537	 25.02004987021
 25.00424478306	 25.01503254339	 25.01436716433
 25.00473262737	 25.00452583491	 25.01321914705
 25.00884307828	 25.00759678445	 25.00772096318
 25.00635428178	 25.00642770275	 25.00595051321
 25.00772096318	 25.00709269841	 25.00755639052
 25.00567399894	 25.00589492469	 25.00637076642
 25.00616828442	 25.00567399894	 25.00909747719
 25.03758259185	 25.01583686879	 25.01627012400
 25.00661553673	 25.00709269841	 25.00693291679
 25.01813110344	 25.01202343976	 25.01982928141
 26.83762315094	 26.79593872795	 27.87797779517
 25.00663622965	 25.00661553673	 25.00641781414
 25.02545218534	 25.02279899392	 25.02309339925
 25.01739980509	 25.02309339925	 25.02279899392
 31.11573963439	 30.52358117547	 28.60458947143
 30.52358117547	 29.83504797187	 28.60458947143
 25.03290921851	 25.14202651312	 25.07368825783
 25.00724731972	 25.00661553673	 25.00793074388
 25.00793074388	 25.01108409702	 25.00724731972
 25.09439368895	 25.02004987021	 25.02595947815
 25.00724731972	 25.01108409702	 25.00892526484
 25.02171386108	 25.02429941725	 25.02380785277
 25.02004987021	 25.06379498999	 25.01108409702
 25.14699141309	 25.13000517673	 25.06379498999
 25.00240452993	 25.00270631027	 25.00857410161
 25.01697774316	 25.01121234656	 25.01433149206
 25.00943866300	 25.00942138259	 25.00812332302
 25.00942138259	 25.01069621078	 25.00866095337
 25.00243161335	 25.00855706976	 25.00274040836
 25.00722050970	 25.00976746174	 25.00855706976
 25.30586315320	 25.28700018077	 25.52560809073
 25.27384400616	 25.14699141309	 25.25682876340
 25.14699141309	 25.09439368895	 25.06529824182
 25.02004987021	 25.09439368895	 25.06379498999
 25.06529824182	 25.09439368895	 25.04120378155
 25.01513094833	 25.03021271857	 25.01187242303
 26.08384411575	 26.36851201410	 26.37786064597
 25.00186930906	 25.00213338689	 25.00075453612
 25.08265483563	 25.15933099280	 25.28700018077
 25.00139476413	 25.00027714660	 25.00078324508
 25.15933099280	 25.14202651312	 25.28749608604
 28.49554435084	 28.28272431178	 31.96602270798
 26.36851201410	 26.08384411575	 26.10046587746
 26.94562410502	 26.52858263594	 28.28272431178
 25.04971604887	 25.02984003806	 25.02312412330
 25.00646020217	 25.00673243703	 25.00686728112
 25.02171386108	 25.01813110344	 25.02429941725
 25.00527983790	 25.00747468205	 25.01068043071
 25.51558818251	 25.78699545626	 25.88421337058
 25.00872732015	 25.00909365940	 25.01032097398
 25.01285050247	 25.00909365940	 25.00747468205
 25.00992762378	 25.02043792180	 25.01627012400
 25.01205846002	 25.01207034336	 25.00900751001
 25.07341392759	 25.03018648274	 25.13000517673
 25.02204277846	 25.02279899392	 25.02545218534
 25.14202651312	 25.03290921851	 25.08859522143
 25.00812332302	 25.00866095337	 25.00772096318
 25.01124301542	 25.00730696261	 25.00599359181
 25.00812332302	 25.00772096318	 25.00755639052
 25.00655658137	 25.00707518206	 25.00745935386
 26.32352715283	 25.88421337058	 26.37786064597
 25.00855706976	 25.01246752716	 25.00935170360
 25.00942539341	 25.01042592426	 25.01433149206
 25.00784409876	 25.01274500305	 25.00722050970
 25.01126263504	 25.00629765205	 25.00701927870
 25.01513094833	 25.03018648274	 25.07341392759
 25.24114879840	 25.14202651312	 25.08859522143
 25.01583686879	 25.01297025604	 25.01627012400
 25.02204277846	 25.01945005838	 25.01475211379
 25.01125782891	 25.00511349435	 25.00696580554
 25.41745802658	 25.54414681807	 25.28749608604
 25.00884933255	 25.00599359181	 25.00743058806
 25.00755639052	 25.00855538409	 25.00812332302
