      837.78578       836.96598       838.59558
      818.50000       819.79904       820.07372
      818.50000       818.50000       820.19119
      826.11683       824.97719       824.26923
      843.50000       841.79488       841.79496
      843.50000       841.79488       843.50000
      820.42308       819.79904       818.50000
      830.98214       831.96688       830.01616
      838.31268       840.08513       840.05892
      839.97177       841.94391       841.80844
      821.88905       822.06168       823.42186
      840.12501       840.08513       838.36559
      842.20096       840.68529       841.57692
      842.20096       843.50000       843.50000
      843.50000       842.20096       841.57692
      821.90213       821.91251       820.19451
      836.81880       838.78516       837.84998
      828.70209       830.88460       828.89297
      838.32613       836.29580       838.26636
      841.79751       843.50000       843.50000
      825.24997       826.93747       825.36792
      828.87790       828.89297       830.87620
      819.79904       818.50000       818.50000
      833.88462       832.94309       831.96154
      834.89727       836.48376       834.43350
      838.59558       839.92583       837.78578
      838.32613       838.26636       840.05827
      825.48068       825.36792       827.44503
      838.69231       839.65385       837.73077
      831.00000       832.94309       831.99009
      828.85867       829.78342       827.45414
      827.45414       825.42065       825.44616
      838.38728       836.57193       838.35262
      836.48376       838.30735       838.30783
      828.89297       827.07084       828.70209
      832.85996       830.88460       833.05380
      824.99839       826.95806       826.07996
      838.30735       836.33120       838.42104
      841.81063       843.50000       841.80741
      832.02271       830.97882       829.96131
      835.00957       836.96598       835.87671
      837.78578       836.78990       835.87671
      823.21484       822.34615       821.31471
      836.78990       834.84615       835.87671
      836.29580       838.32613       836.96598
      835.80769       833.88462       834.84615
      840.08439       838.59558       838.32613
      835.92004       837.84998       837.00161
      841.81251       843.50000       841.81251
      836.33120       838.30735       836.48376
      841.81063       843.50000       843.50000
      827.90868       827.00125       825.62653
      829.94992       828.98855       827.92770
      822.02823       823.21484       821.31471
      841.79496       843.50000       843.50000
      840.05827       840.08439       838.32613
      831.99009       832.94309       833.95208
      840.10430       838.35262       838.30783
      841.80741       840.08215       840.09215
      843.50000       841.79743       843.50000
      836.96598       837.78578       835.87671
      840.64373       841.93050       842.20096
      839.92583       841.93050       840.64373
      821.91346       820.18749       821.89177
      827.07084       828.89297       827.03884
      825.42065       827.07084       825.33132
      821.90213       823.56528       823.67746
      833.95208       832.94309       834.87645
      826.93747       825.24997       827.03884
      825.24997       825.36792       823.58214
      840.08513       840.12501       841.81251
      827.03884       825.33132       827.07084
      830.87620       828.89297       830.88460
      830.97882       832.09884       829.78342
      832.09146       830.88075       833.06693
      828.85867       830.97882       829.78342
      828.87790       830.87620       830.88075
      830.03846       831.00000       829.06249
      841.80844       843.50000       841.81063
      836.81880       835.80769       837.73077
      839.97177       840.68529       841.94391
      838.32613       838.59558       836.96598
      833.07914       830.95602       832.09146
      831.96154       832.92308       833.88462
      827.45414       827.07084       825.42065
      828.70209       827.45414       829.78342
      828.70209       827.07084       827.45414
      842.20096       841.94391       840.68529
      838.65375       837.84998       839.97177
      836.48376       834.89727       836.33120
      841.79743       843.50000       841.93050
      838.59558       840.08439       839.92583
      833.93285       831.96688       832.98695
      833.88462       832.92308       834.84615
      830.03846       831.00000       831.96154
      837.78578       838.69231       836.78990
      839.92583       838.69231       837.78578
      837.73077       835.80769       836.78990
      843.50000       841.81251       843.50000
      840.05892       838.26636       838.31268
      841.79751       841.81251       843.50000
      840.08215       840.10430       838.30783
      841.80741       843.50000       843.50000
      841.80741       843.50000       841.81251
      838.30783       838.30735       840.08215
      843.50000       841.93050       843.50000
      841.57692       839.65385       840.64373
      835.00957       833.93285       832.98695
      831.99741       830.98214       829.94992
      837.73077       839.65385       838.78516
      837.73077       838.78516       836.81880
      832.85996       832.86101       830.87620
      832.09884       833.05380       830.88460
      826.93747       828.70109       827.44503
      831.99741       829.94992       830.95602
      831.96154       831.00000       832.92308
      823.58214       823.58590       825.24997
      841.57692       840.68529       839.65385
      842.20096       841.93050       843.50000
      840.05827       841.79496       841.79488
      833.93285       835.00957       835.87671
      837.84998       835.92004       836.81880
      842.20096       843.50000       843.50000
      836.58123       836.56334       834.74062
      838.30783       838.35262       836.51681
      832.98695       834.03283       835.00957
      837.73077       836.78990       838.69231
      843.50000       841.79496       841.79751
      838.30783       836.51681       836.48376
      836.57193       836.51681       838.35262
      841.81251       841.81251       843.50000
      841.81251       843.50000       843.50000
      841.81251       843.50000       843.50000
      840.08215       841.81251       840.10430
      832.85996       834.79209       834.73447
      840.64373       842.20096       841.57692
      836.29580       836.96598       835.00957
      823.58590       825.33132       825.24997
      830.99934       832.02271       829.96131
      825.42065       825.33132       823.62172
      828.87790       830.88075       828.70109
      827.03884       825.24997       825.33132
      832.86101       830.88075       830.87620
      830.87620       830.88460       832.85996
      834.43350       833.05380       832.09884
      841.81251       840.12501       840.10430
      825.42065       823.66002       825.44616
      838.38728       840.12501       838.36559
      834.79209       836.51681       836.57193
      834.73447       836.57193       836.58123
      836.58123       834.74062       834.73447
      828.11538       829.05691       830.03846
      843.50000       841.81251       841.81251
      838.35262       840.10430       840.12501
      823.34625       823.57733       824.99839
      843.50000       841.81251       843.50000
      836.51591       838.31268       838.26636
      833.09102       834.43350       832.09884
      836.58123       838.36559       836.56334
      840.09215       838.42104       840.12431
      841.81251       840.08215       841.80741
      822.06168       820.07372       821.33681
      825.48068       823.65351       825.36792
      827.92770       825.66664       827.08759
      829.96131       828.98387       830.99934
      827.00125       827.90868       828.85867
      821.90559       820.19259       821.91346
      828.85867       827.90868       829.96131
      820.42308       821.33681       819.79904
      833.09102       830.97882       832.02271
      828.04792       826.07996       826.95806
      826.19231       827.12355       828.11538
      827.12355       826.07996       828.04792
      833.95208       834.87645       835.92004
      838.31268       836.56334       838.36559
      838.36559       836.58123       838.38728
      836.58123       836.57193       838.38728
      826.95806       827.92770       828.98855
      830.98214       828.98855       829.94992
      840.08439       841.79488       841.79743
      823.68508       823.65351       825.48068
      838.30735       840.09215       840.08215
      840.09215       838.30735       838.42104
      843.50000       841.79743       841.79488
      840.05827       838.26636       840.05892
      838.38728       838.35262       840.12501
      821.87569       820.19156       820.18937
      828.98855       830.01616       828.04792
      832.98695       831.99741       834.03283
      828.85867       829.96131       830.97882
      828.70209       829.78342       830.88460
      827.00125       825.44616       825.62653
      818.50000       819.79904       818.50000
      832.09146       833.06693       834.45375
      836.29580       836.51591       838.26636
      833.09102       832.09884       830.97882
      825.44616       823.66002       823.67746
      823.34625       824.99839       824.15002
      825.18120       826.19231       824.26923
      838.42104       836.33120       837.00161
      837.00161       837.84998       838.65375
      821.87569       823.34625       822.02823
      826.95981       827.90868       825.62653
      828.85867       827.45414       827.00125
      840.12431       841.81063       840.09215
      834.89727       834.06157       836.33120
      822.34615       821.33681       820.42308
      825.18120       827.12355       826.19231
      834.43350       833.09102       834.89727
      833.09102       834.06157       834.89727
      821.90213       823.67746       821.91251
      838.31268       836.51591       836.56334
      833.06693       834.74062       834.45375
      823.34625       821.87569       823.57733
      824.15002       824.99839       826.07996
      822.02823       824.15002       823.21484
      823.34625       824.15002       822.02823
      825.18120       823.21484       824.15002
      839.65385       838.69231       840.64373
      821.91251       823.67746       823.66002
      824.97719       826.95981       825.62653
      821.89177       820.18749       821.87499
      820.18937       820.19259       821.90559
      841.93050       839.92583       841.79743
      825.44616       823.67746       825.62653
      841.79488       840.08439       840.05827
      824.99839       823.57733       825.66664
      826.07996       825.18120       824.15002
      828.87790       828.70109       826.93747
      829.72067       830.88075       832.09146
      841.57692       842.20096       843.50000
      828.70109       830.88075       829.72067
      829.72067       827.44503       828.70109
      830.99934       828.98387       830.01794
      827.13690       826.11683       825.20640
      835.00957       834.03283       836.29580
      836.29580       834.88958       836.51591
      825.66664       826.95806       824.99839
      823.57733       821.87569       821.90559
      818.50000       818.50000       820.19259
      820.05609       819.79904       818.50000
      821.87499       820.18749       821.87499
      840.08439       841.79743       839.92583
      825.62653       823.56528       824.97719
      827.45414       825.44616       827.00125
      838.38728       840.12501       840.12501
      829.05691       831.00000       830.03846
      834.06157       832.02271       833.01267
      828.89297       828.87790       827.03884
      833.05380       834.43350       834.79209
      821.90559       821.91346       823.68508
      818.50000       820.05609       818.50000
      821.87569       820.18937       821.90559
      836.78990       835.80769       834.84615
      820.18749       818.50000       820.18749
      820.19259       818.50000       820.18749
      826.93747       827.03884       828.87790
      830.99934       830.01794       831.99009
      833.01267       835.04194       834.06157
      836.33120       834.06157       835.04194
      823.65351       821.91346       821.89177
      818.50000       820.18749       820.18749
      818.50000       818.50000       820.18749
      839.97177       838.78516       840.68529
      836.56334       836.51591       834.45375
      833.06693       832.86101       834.74062
      835.04194       833.95208       835.92004
      830.98214       831.99741       832.98695
      825.66664       823.57733       823.68508
      820.19259       820.18749       821.91346
      824.26923       822.34615       823.21484
      822.34615       820.42308       821.31471
      833.07914       832.09146       834.45375
      836.29580       834.03283       834.88958
      837.00161       838.65375       838.42104
      823.58590       821.87499       821.87499
      818.50000       820.19156       820.05609
      822.02823       820.05609       820.19156
      818.50000       820.18937       820.19156
      835.04194       835.92004       837.00161
      840.12431       838.65375       839.97177
      831.99009       833.95208       833.01267
      823.58214       825.36792       823.65351
      823.65351       821.89177       823.58214
      823.58590       823.58214       821.87499
      818.50000       818.50000       820.18749
      824.26923       823.21484       825.18120
      823.66002       821.90061       821.91251
      825.62653       823.67746       823.56528
      833.01267       833.95208       835.04194
      831.99741       830.95602       833.07914
      828.84769       829.94992       827.92770
      825.66664       827.92770       826.95806
      825.66664       823.68508       825.48068
      823.62172       821.87499       821.90061
      818.50000       818.50000       820.18749
      843.50000       843.50000       841.80844
      838.65375       840.12431       838.42104
      836.48376       836.51681       834.43350
      830.95602       829.72067       832.09146
      834.88958       833.07914       834.45375
      827.08759       828.84769       827.92770
      827.08759       825.66664       825.48068
      818.50000       818.50000       820.19156
      818.50000       820.19259       820.18937
      830.01616       831.00000       829.05691
      829.94992       828.84769       830.95602
      823.68508       823.57733       821.90559
      826.95981       826.11683       828.05613
      828.98387       828.05613       830.01794
      829.72067       828.84769       827.44503
      821.87499       820.18749       821.90061
      825.42065       823.62172       823.66002
      821.88905       823.56528       821.90213
      818.50000       818.50000       820.18937
      841.94391       842.20096       843.50000
      818.50000       819.79904       820.42308
      819.79904       821.31471       820.42308
      818.50000       820.19119       820.19451
      820.20123       821.88905       820.19119
      821.90213       820.19451       820.19119
      834.87645       833.88462       835.80769
      826.95806       828.98855       828.04792
      843.50000       843.50000       841.94391
      820.19119       818.50000       820.20123
      824.26923       822.06168       823.25389
      826.95981       824.97719       826.11683
      822.06168       821.33681       823.25389
      820.18749       818.50000       820.18749
      818.50000       818.50000       820.18749
      823.42186       824.26923       824.97719
      828.98387       829.96131       827.90868
      828.84769       827.08759       827.44503
      829.06249       830.01794       828.05613
      823.25389       824.26923       825.20640
      824.26923       823.42186       822.06168
      820.18749       818.50000       820.18749
      840.12501       841.81251       841.81251
      824.26923       823.25389       822.34615
      825.20640       824.26923       823.25389
      826.19231       828.11538       827.13690
      825.20640       826.11683       824.26923
      825.20640       826.19231       827.13690
      827.13690       828.05613       826.11683
      818.50000       820.19451       820.18749
      831.96154       832.94309       831.00000
      834.84615       832.92308       833.93285
      821.31471       819.79904       820.05609
      829.06249       827.13690       828.11538
      828.11538       830.03846       829.06249
      818.50000       818.50000       820.19451
      818.50000       818.50000       820.18749
      841.79751       840.08513       841.81251
      821.89177       821.87499       823.58214
      830.01794       829.06249       831.00000
      831.00000       830.03846       831.96154
      830.98214       832.98695       831.96688
      830.98214       830.01616       828.98855
      833.07914       834.03283       831.99741
      820.20123       818.50000       820.07372
      822.06168       820.20123       820.07372
      834.88958       834.03283       833.07914
      832.94309       833.88462       834.87645
      820.07372       818.50000       818.50000
      835.80769       836.81880       834.87645
      840.68529       838.78516       839.65385
      820.20123       818.50000       818.50000
      839.97177       837.84998       838.78516
      824.26923       826.19231       825.20640
      843.50000       841.80844       841.94391
      840.12431       841.80844       841.81063
      839.92583       840.64373       838.69231
      840.12501       841.81251       841.81251
      840.12501       841.81251       840.12501
      823.68508       821.91346       823.65351
      827.90868       826.95981       828.98387
      823.42186       823.56528       821.88905
      824.97719       823.56528       823.42186
      821.91251       820.18749       820.19451
      830.88075       832.86101       833.06693
      834.73447       832.86101       832.85996
      834.73447       834.74062       832.86101
      823.58590       823.62172       825.33132
      834.43350       836.51681       834.79209
      832.85996       833.05380       834.79209
      841.79751       841.79496       840.05892
      821.88905       821.90213       820.19119
      831.99009       833.01267       830.99934
      821.90061       820.18749       821.91251
      828.05613       828.98387       826.95981
      833.01267       832.02271       830.99934
      820.18749       821.90061       820.18749
      831.96688       832.92308       831.00000
      828.04792       830.01616       829.05691
      822.02823       821.31471       820.05609
      820.19156       821.87569       822.02823
      838.36559       840.08513       838.31268
      821.88905       820.20123       822.06168
      836.56334       834.45375       834.74062
      834.79209       836.57193       834.73447
      821.87499       820.18749       820.18749
      820.18749       820.18749       821.89177
      825.18120       826.07996       827.12355
      827.13690       829.06249       828.05613
      831.96688       833.93285       832.92308
      828.84769       829.72067       830.95602
      830.01616       831.96688       831.00000
      840.05892       841.79496       840.05827
      840.08513       841.79751       840.05892
      820.18749       821.87499       820.18749
      821.87499       823.62172       823.58590
      825.36792       826.93747       827.44503
      839.97177       841.80844       840.12431
      829.05691       827.12355       828.04792
      830.88460       829.78342       832.09884
      833.09102       832.02271       834.06157
      836.33120       835.04194       837.00161
      841.81251       841.81251       840.10430
      831.00000       831.99009       830.01794
      833.93285       835.87671       834.84615
      827.12355       829.05691       828.11538
      823.25389       821.33681       822.34615
      821.90061       823.66002       823.62172
      841.81063       841.80741       840.09215
      834.45375       836.51591       834.88958
      820.07372       819.79904       821.33681
      827.44503       827.08759       825.48068
      835.92004       834.87645       836.81880
      821.52982       818.50000       818.50000
      840.20756       843.50000       839.38387
      836.74357       837.73077       839.01653
      839.93924       843.50000       843.50000
      821.93001       821.84508       818.50000
      821.93001       818.50000       821.97036
      840.08104       843.50000       843.50000
      827.27944       825.58564       826.19231
      822.38186       818.50000       818.50000
      839.92857       838.10676       841.04092
      843.50000       839.95901       839.93924
      832.10257       834.43779       830.78255
      834.50865       835.31105       837.05663
      827.28062       830.78255       829.21429
      838.10676       836.35714       834.43779
      822.38186       822.07660       818.50000
      834.43779       836.35714       832.78571
      836.23677       840.20756       839.38387
      820.42308       820.73389       818.50000
      820.73389       823.16497       821.52982
      828.88363       825.36017       828.93092
      821.97036       818.50000       822.07660
      827.26668       824.52507       825.58564
      836.59348       839.95901       840.08104
      839.01653       840.88165       838.05264
      843.50000       843.50000       839.38387
      841.34559       843.50000       843.50000
      839.38387       837.05663       835.31105
      828.93031       832.06337       832.18846
      835.28518       836.74357       838.05264
      825.58564       824.52507       823.16497
      828.96680       829.05573       825.46282
      836.14031       834.50865       837.05663
      836.14031       839.95901       836.59348
      829.82930       831.15732       828.47983
      832.94095       828.93092       829.05573
      843.50000       843.50000       840.88165
      838.05264       836.23677       835.28518
      843.50000       841.34559       841.57692
      829.19407       832.06337       828.93031
      830.17023       831.15732       833.10847
      841.57692       841.34559       839.65385
      821.97036       818.50000       818.50000
      836.23677       839.38387       835.31105
      836.42303       836.59348       840.08104
      836.59348       832.94095       832.64362
      836.59348       836.42303       832.94095
      833.10847       836.23677       832.68066
      818.50000       820.73389       818.50000
      824.26923       823.16497       822.34615
      832.94095       829.05573       832.64362
      832.18846       832.64362       828.96680
      833.08157       834.58822       835.28518
      827.28062       828.88363       830.78255
      836.42303       832.10257       832.94095
      828.88363       828.93092       832.10257
      832.10257       828.93092       832.94095
      838.10676       834.43779       836.42303
      832.10257       830.78255       828.88363
      838.10676       839.92857       836.35714
      818.50000       818.50000       821.49073
      820.95771       821.49073       823.80026
      825.42106       821.93001       825.46282
      825.64286       827.28062       829.21429
      827.28062       823.80026       825.36017
      840.88165       839.01653       841.34559
      832.68066       836.23677       835.31105
      840.45616       843.50000       843.50000
      839.95901       843.50000       840.08104
      833.10847       835.28518       836.23677
      829.11913       830.87461       829.82930
      825.97630       824.52507       827.26668
      832.72671       833.08157       831.57250
      831.15732       831.57250       833.08157
      833.08157       833.10847       831.15732
      830.17023       828.47983       831.15732
      832.68066       830.17023       833.10847
      831.57250       829.82930       830.87461
      833.88462       832.72671       831.96154
      830.03846       831.96154       830.87461
      824.26923       826.19231       825.58564
      829.05573       828.93092       825.42106
      838.10676       836.42303       840.45616
      822.07143       823.80026       825.64286
      823.80026       821.49073       825.36017
      825.42106       825.46282       829.05573
      821.84508       825.36017       821.49073
      827.28062       825.64286       823.80026
      825.51985       828.96680       825.46282
      825.42106       821.84508       821.93001
      843.50000       840.20756       840.88165
      832.64362       829.05573       828.96680
      832.06337       835.31105       834.50865
      834.58822       836.74357       835.28518
      833.08157       832.72671       834.58822
      840.45616       840.08104       843.50000
      839.95901       843.50000       843.50000
      829.82930       831.57250       831.15732
      825.58564       823.16497       824.26923
      832.72671       831.57250       830.87461
      830.87461       831.96154       832.72671
      823.16497       820.73389       822.34615
      820.42308       822.34615       820.73389
      828.47983       827.26668       829.82930
      827.26668       828.47983       825.97630
      829.11913       827.27944       828.11538
      829.21429       830.78255       832.78571
      836.23677       838.05264       840.20756
      827.26668       825.58564       827.27944
      828.88363       827.28062       825.36017
      825.42106       825.36017       821.84508
      832.10257       836.42303       834.43779
      840.45616       836.42303       840.08104
      821.49073       818.50000       821.84508
      823.80026       822.07143       820.95771
      825.42106       828.93092       825.36017
      836.14031       836.59348       832.64362
      821.49073       820.95771       818.50000
      818.50000       818.50000       821.84508
      832.78571       830.78255       834.43779
      843.50000       843.50000       841.04092
      828.96680       828.93031       832.18846
      825.51985       828.93031       828.96680
      825.97630       826.42537       823.18456
      839.65385       839.01653       837.73077
      818.50000       818.50000       820.95771
      818.50000       820.95771       822.07143
      832.18846       836.14031       832.64362
      834.50865       832.18846       832.06337
      832.18846       834.50865       836.14031
      840.20756       838.05264       840.88165
      843.50000       840.88165       841.34559
      840.20756       843.50000       843.50000
      821.52982       823.18456       818.50000
      820.73389       821.52982       818.50000
      829.11913       830.03846       830.87461
      835.80769       834.58822       833.88462
      825.97630       828.47983       826.42537
      830.03846       829.11913       828.11538
      823.18456       826.42537       822.38186
      827.27944       826.19231       828.11538
      827.27944       829.11913       827.26668
      829.82930       827.26668       829.11913
      821.93001       821.97036       825.46282
      822.38186       818.50000       823.18456
      825.73617       822.38186       826.42537
      839.38387       839.93924       837.05663
      841.34559       839.01653       839.65385
      836.74357       839.01653       838.05264
      836.74357       835.80769       837.73077
      834.58822       832.72671       833.88462
      839.93924       839.38387       843.50000
      830.17023       826.42537       828.47983
      832.68066       829.19407       830.17023
      840.45616       843.50000       841.04092
      840.45616       841.04092       838.10676
      829.19407       826.42537       830.17023
      825.51985       825.73617       828.93031
      825.73617       829.19407       828.93031
      818.50000       822.07660       818.50000
      825.73617       825.51985       822.07660
      843.50000       839.92857       841.04092
      833.08157       835.28518       833.10847
      825.51985       821.97036       822.07660
      821.93001       818.50000       818.50000
      839.93924       836.14031       837.05663
      825.51985       825.46282       821.97036
      824.52507       825.97630       823.18456
      834.58822       835.80769       836.74357
      829.19407       832.68066       832.06337
      826.42537       829.19407       825.73617
      832.06337       832.68066       835.31105
      822.07660       822.38186       825.73617
      824.52507       821.52982       823.16497
      823.18456       821.52982       824.52507
      836.14031       839.93924       839.95901
      818.50000       818.50000       822.06076
      818.50000       818.50000       820.65441
      839.65385       838.83503       841.26611
      818.50000       822.61613       821.79244
      832.78571       834.71938       831.21745
      828.89153       831.82977       830.84268
      821.91896       822.04099       818.50000
      828.89153       828.91843       826.71482
      818.50000       822.04099       822.06076
      827.56221       823.89324       825.64286
      831.12539       832.88087       831.96154
      829.27329       831.12539       830.03846
      832.88087       834.72056       833.88462
      840.06999       843.50000       840.02964
      820.65441       818.50000       821.11835
      839.92857       843.50000       841.04229
      836.53718       836.57894       840.06999
      829.89743       825.57697       827.56221
      822.61613       824.94337       826.68895
      840.50927       838.19974       841.04229
      833.88462       834.72056       835.80769
      828.89153       826.71482       825.76323
      834.73332       836.41436       834.72056
      833.52017       831.82977       835.57463
      831.96154       832.88087       833.88462
      821.11835       818.50000       818.50000
      829.05905       825.57697       829.89743
      826.68895       829.31934       825.76323
      820.65441       821.11835       822.98347
      823.94736       825.25643       822.98347
      818.50000       820.65441       820.42308
      829.81154       829.93663       827.49135
      836.02370       838.81544       837.47493
      828.91843       828.89153       830.84268
      829.35638       825.85969       825.40652
      841.04229       838.19974       839.92857
      840.50927       841.04229       843.50000
      843.50000       843.50000       841.04229
      832.80593       829.93663       833.06969
      829.35638       829.81154       825.85969
      827.49135       825.85969       829.81154
      823.94736       825.76323       826.71482
      821.91896       818.50000       818.50000
      834.71938       836.63983       833.11637
      838.19974       836.35714       839.92857
      831.21745       833.11637       829.89743
      836.63983       834.71938       838.19974
      832.80593       835.57463       831.82977
      826.68895       829.93663       829.31934
      831.82977       829.31934       832.80593
      827.49135       829.93663       826.68895
      818.50000       818.50000       822.61613
      833.52017       830.84268       831.82977
      823.94736       821.79244       825.76323
      821.79244       823.94736       821.11835
      821.11835       818.50000       821.79244
      831.21745       829.21429       832.78571
      840.47018       838.81544       843.50000
      840.47018       843.50000       843.50000
      820.65441       822.34615       820.42308
      832.17070       834.73332       832.88087
      834.73332       836.02370       837.47493
      828.91843       830.84268       830.42750
      829.93663       832.80593       829.31934
      843.50000       843.50000       841.26611
      843.50000       841.57692       841.26611
      841.26611       838.83503       840.47018
      838.83503       837.73077       836.41436
      832.17070       832.88087       831.12539
      824.94337       822.06076       825.85969
      822.04099       818.50000       818.50000
      822.04099       825.85969       822.06076
      823.89324       825.57697       821.54384
      829.05905       829.35638       825.40652
      827.49135       826.68895       824.94337
      825.40652       825.85969       822.04099
      833.06969       829.93663       829.81154
      840.50927       836.63983       838.19974
      821.79244       822.61613       825.76323
      829.31934       828.89153       825.76323
      832.80593       833.06969       836.26383
      838.81544       836.02370       835.57463
      838.81544       835.57463       839.61814
      838.81544       839.61814       843.50000
      829.81154       829.35638       833.03320
      833.06908       829.89743       833.11637
      840.47018       838.83503       837.47493
      836.35714       834.71938       832.78571
      834.71938       836.35714       838.19974
      828.11538       827.41178       829.27329
      839.92340       843.50000       839.61814
      832.94427       833.03320       829.35638
      833.06969       829.81154       833.03320
      821.54384       825.57697       821.91896
      825.85969       827.49135       824.94337
      822.04099       821.91896       825.40652
      820.65441       822.98347       822.34615
      823.94736       822.98347       821.11835
      823.94736       826.71482       825.25643
      831.21745       834.71938       833.11637
      833.03320       836.53718       836.48015
      839.92340       839.61814       836.26383
      832.17070       830.84268       833.52017
      832.88087       834.73332       834.72056
      831.12539       831.96154       830.03846
      830.84268       832.17070       830.42750
      833.52017       834.73332       832.17070
      826.71482       827.41178       825.25643
      822.98347       824.26923       822.34615
      834.72056       836.41436       835.80769
      834.73332       837.47493       836.41436
      836.41436       837.73077       835.80769
      825.76323       822.61613       826.68895
      843.50000       843.50000       839.61814
      843.50000       841.26611       840.47018
      829.27329       827.41178       828.91843
      828.91843       827.41178       826.71482
      839.65385       837.73077       838.83503
      841.57692       839.65385       841.26611
      827.56221       825.57697       823.89324
      820.95908       818.50000       818.50000
      818.50000       822.07143       820.95908
      818.50000       820.95908       821.54384
      831.21745       829.89743       827.56221
      825.40652       825.57697       829.05905
      829.89743       833.06908       829.05905
      818.50000       821.79244       818.50000
      821.54384       821.91896       818.50000
      840.02964       843.50000       839.92340
      833.06969       836.48015       836.26383
      843.50000       839.92340       843.50000
      828.91843       830.42750       829.27329
      821.91896       825.57697       825.40652
      840.06999       840.15492       843.50000
      840.15492       836.63983       840.50927
      825.25643       826.19231       824.26923
      824.26923       822.98347       825.25643
      830.03846       828.11538       829.27329
      827.41178       828.11538       826.19231
      822.07143       823.89324       820.95908
      829.21429       827.56221       825.64286
      833.06969       833.03320       836.48015
      836.48015       839.92340       836.26383
      839.92340       836.48015       840.02964
      840.02964       843.50000       843.50000
      830.42750       832.17070       831.12539
      829.27329       830.42750       831.12539
      822.61613       818.50000       822.06076
      836.02370       833.52017       835.57463
      835.57463       832.80593       836.26383
      827.41178       826.19231       825.25643
      837.47493       838.81544       840.47018
      838.83503       836.41436       837.47493
      836.53718       840.06999       840.02964
      836.53718       840.02964       836.48015
      840.06999       843.50000       843.50000
      836.53718       832.94427       836.57894
      833.11637       836.63983       833.06908
      833.03320       832.94427       836.53718
      840.06999       836.57894       840.15492
      843.50000       840.15492       843.50000
      822.61613       822.06076       824.94337
      829.05905       832.94427       829.35638
      833.06908       832.94427       829.05905
      821.54384       818.50000       818.50000
      843.50000       840.50927       843.50000
      840.50927       843.50000       840.15492
      822.07143       825.64286       823.89324
      831.21745       827.56221       829.21429
      829.31934       831.82977       828.89153
      836.57894       836.63983       840.15492
      836.63983       836.57894       833.06908
      836.26383       839.61814       835.57463
      832.94427       833.06908       836.57894
      823.89324       821.54384       820.95908
      834.73332       833.52017       836.02370
      831.00000       843.50000       843.50000
      818.50000       843.50000       818.50000
      843.50000       843.50000       818.50000
      843.50000       836.41735       839.92857
      843.50000       818.50000       843.50000
      836.35714       835.28766       839.92857
      839.92857       836.66643       843.50000
      843.50000       818.50000       831.00000
      818.50000       825.58255       822.07143
      825.33315       818.50000       822.07143
      818.50000       843.50000       843.50000
      831.00000       818.50000       818.50000
      843.50000       818.50000       843.50000
      843.50000       843.50000       818.50000
      831.00000       843.50000       818.50000
      843.50000       818.50000       818.50000
      843.50000       825.33315       836.41735
      818.50000       825.33315       843.50000
      835.28766       836.35714       832.78571
      818.50000       825.33315       818.50000
      830.95033       829.21429       832.78571
      818.50000       843.50000       843.50000
      818.50000       818.50000       843.50000
      843.50000       818.50000       843.50000
      843.50000       818.50000       818.50000
      843.50000       818.50000       843.50000
      843.50000       818.50000       818.50000
      836.35714       835.23925       832.78571
      843.50000       843.50000       831.00000
      818.50000       843.50000       818.50000
      818.50000       843.50000       818.50000
      818.50000       843.50000       843.50000
      818.50000       843.50000       818.50000
      825.58255       826.76069       822.07143
      829.21429       831.04956       832.78571
      843.50000       836.41735       843.50000
      818.50000       843.50000       818.50000
      826.76069       829.21429       825.64286
      822.07143       826.76069       825.64286
      836.66643       831.04956       825.58255
      843.50000       843.50000       818.50000
      818.50000       818.50000       843.50000
      836.41735       830.95033       835.23925
      818.50000       843.50000       843.50000
      830.95033       836.41735       825.33315
      818.50000       818.50000       843.50000
      843.50000       843.50000       818.50000
      829.21429       826.71223       825.64286
      843.50000       818.50000       843.50000
      818.50000       843.50000       818.50000
      836.66643       818.50000       843.50000
      825.58255       818.50000       836.66643
      843.50000       843.50000       818.50000
      843.50000       843.50000       818.50000
      818.50000       818.50000       843.50000
      843.50000       843.50000       818.50000
      818.50000       818.50000       843.50000
      818.50000       843.50000       843.50000
      818.50000       843.50000       818.50000
      818.50000       818.50000       843.50000
      818.50000       818.50000       843.50000
      843.50000       818.50000       818.50000
      818.50000       843.50000       818.50000
      843.50000       818.50000       843.50000
      839.92857       835.23925       836.35714
      822.07143       825.64286       826.71223
      818.50000       831.00000       818.50000
      843.50000       831.00000       818.50000
      825.33315       822.07143       826.71223
      835.23925       830.95033       832.78571
      836.41735       835.23925       839.92857
      830.95033       825.33315       826.71223
      830.95033       826.71223       829.21429
      843.50000       843.50000       818.50000
      825.58255       831.04956       826.76069
      843.50000       831.00000       818.50000
      829.21429       826.76069       831.04956
      836.66643       839.92857       835.28766
      818.50000       825.58255       818.50000
      836.66643       843.50000       843.50000
      831.04956       835.28766       832.78571
      831.04956       836.66643       835.28766
      818.50000       843.50000       843.50000
      818.50000       843.50000       818.50000
       80.81015       132.15167       171.86341
      706.17815       696.91195       666.97441
      578.49024       529.47363       530.50610
      569.58323       593.01987       616.45651
      593.01987       572.82447       620.12799
      804.58648       818.50000       799.50135
       86.11092        89.59870         0.00000
      555.61846       594.20658       606.32775
      413.27605       423.11079       344.76744
      431.89174       357.79709       384.95244
      795.05353       818.50000       796.02179
      788.21635       778.02848       765.91105
      818.50000       818.50000       805.35078
      678.71426       657.63413       693.80819
      815.61445       816.01777       812.02108
      738.70995       739.09533       713.72728
      116.08433        80.81015       171.86341
      814.57586       818.50000       815.72056
      717.36845       685.18906       718.31189
      812.02108       816.01777       812.80222
      252.59082       191.77604       154.94097
      171.86341       132.15167       224.34800
      605.54282       592.64262       554.73376
      664.39036       707.98773       692.06242
      418.85300       456.58315       384.95244
      606.32775       620.12799       572.82447
      695.49397       666.15941       664.80046
      746.11248       720.87449       717.36845
      620.64557       664.39036       651.77668
      811.63428       810.50141       799.12268
      795.44666       818.50000       796.17644
      300.27154       191.77604       252.59082
      518.63225       485.26135       542.90486
      645.25515       605.54282       651.77668
      539.85766       589.02893       580.97650
      530.50610       472.87361       480.78357
      725.58667       713.72728       693.80819
      578.49024       582.37153       623.17053
      291.70964       224.34800       180.32719
      572.82447       555.61846       606.32775
      749.28282       720.60244       745.11091
      687.90452       695.49397       664.80046
      735.30839       756.75268       745.45791
      777.08964       767.99492       756.75268
       80.81015       116.08433         0.00000
      218.06305       116.08433       171.86341
      191.77604        86.11092       154.94097
      580.97650       584.86054       532.96599
      691.86266       700.60734       719.14775
      541.91320       532.96599       584.86054
      485.58598       455.48947       420.34003
      762.59723       742.32352       745.45791
      342.19835       384.95244       300.27154
      529.47363       539.85766       488.06402
      795.05353       794.92443       818.50000
      721.20219       689.12672       696.91195
      801.73917       799.20700       818.50000
      630.79241       584.86054       624.41121
      688.10474       720.60244       696.61885
      720.60244       728.36050       696.61885
      802.80901       793.92674       806.47962
      743.59457       726.52221       707.98773
      357.79709       271.62333       300.27154
      357.79709       300.27154       384.95244
      805.35078       796.10579       810.96920
      791.92687       795.22939       803.40590
      743.59457       707.98773       739.09533
      307.83741       262.19869       224.34800
      770.97592       745.17450       770.71784
      795.09287       795.11308       770.71784
      705.47881       727.10343       735.88573
      754.26651       778.03576       760.59588
      592.96360       638.10512       620.64557
      252.59082       307.65015       342.19835
      218.06305       154.94097       116.08433
      638.10512       592.96360       616.45651
      664.39036       678.71426       707.98773
      657.63413       678.71426       638.10512
      657.63413       638.10512       616.45651
      770.59130       744.23548       745.73379
      805.05252       801.40554       818.50000
      815.61445       818.50000       818.50000
      802.90249       811.10223       810.43984
      816.30482       818.50000       818.50000
      342.19835       300.27154       252.59082
      569.58323       592.96360       542.90486
      751.65385       771.46519       771.74811
      638.10512       678.71426       664.39036
      743.59457       751.65385       726.52221
      786.85785       804.58648       799.50135
      771.35740       739.09533       762.29417
      805.05252       818.50000       799.57321
      815.72056       815.79928       811.38368
      689.12672       684.33801       645.86789
      423.11079       368.45770       344.76744
        0.00000         0.00000        58.74581
      688.10474       716.49673       720.60244
      745.73379       716.58883       721.20219
      801.33431       795.22939       786.03784
      719.85251       746.24803       735.30839
      786.03784       779.98720       767.99492
      762.59723       778.51564       761.03575
      726.48046       745.45791       742.32352
      665.93467       666.97441       696.91195
      744.34133       752.64913       764.05377
      770.97592       795.11308       795.44666
      307.65015       262.19869       345.72623
      734.68051       737.61862       752.64913
      368.45770       291.70964       344.76744
      479.67944       417.25103       423.11079
      594.20658       630.79241       645.86789
      718.68084       735.73847       706.17815
      746.11248       770.97592       772.34675
      685.18906       692.06242       718.31189
      735.88573       760.59588       746.24803
      795.80288       771.46519       771.35740
      811.63428       818.50000       818.50000
      818.50000       795.80288       799.50135
      811.63428       799.12268       803.19299
      795.22939       807.69823       803.40590
      413.27605       344.76744       357.79709
      779.98720       795.22939       791.92687
      818.50000       816.01777       818.50000
      803.19299       793.98262       802.80901
      811.63428       812.87700       818.50000
      804.58648       786.85785       799.57321
      818.50000       815.03084       818.50000
      555.61846       519.21847       499.22033
      594.20658       555.61846       541.91320
      645.86789       606.32775       594.20658
      638.10512       664.39036       620.64557
      693.80819       709.59910       725.58667
      645.86789       650.56838       606.32775
      818.50000       818.50000       805.05252
      778.02848       788.21635       799.57321
      661.32706       637.18586       620.12799
      572.67670       542.90486       592.96360
      539.85766       579.55391       589.02893
      672.88995       662.33310       625.86574
      488.06402       479.67944       423.11079
      756.75268       735.30839       746.24803
      417.25103       479.67944       483.90503
      594.20658       541.91320       584.86054
      650.56838       661.32706       620.12799
      661.32706       650.56838       688.10474
      384.95244       342.19835       418.85300
      307.65015       386.35138       342.19835
      810.43984       806.47962       802.90249
      717.36845       720.87449       687.90452
      795.44666       772.34675       770.97592
      762.29417       738.70995       753.50370
      818.50000       818.50000       815.60512
      812.87700       811.63428       803.19299
        0.00000        76.80390        58.74581
       76.80390        89.59870       180.32719
      818.50000       795.44666       795.11308
      771.74811       795.09287       770.71784
      816.30482       818.50000       815.61375
      605.54282       554.73376       572.67670
      692.06242       685.18906       651.77668
      771.35740       743.59457       739.09533
      593.01987       620.12799       637.18586
      569.58323       542.90486       593.01987
      171.86341       224.34800       262.19869
      688.10474       650.56838       684.33801
      661.32706       688.10474       696.61885
      727.32999       706.17815       735.73847
       58.74581        80.81015         0.00000
      788.21635       780.73836       801.40554
      716.58883       684.33801       689.12672
      795.34659       818.50000       794.92443
      818.50000       801.75903       805.35078
      810.50141       796.10579       799.12268
      761.03575       742.32352       762.59723
      761.03575       737.61862       742.32352
      366.95607       368.45770       417.25103
      291.70964       368.45770       366.95607
      716.49673       688.10474       684.33801
      745.17450       746.20255       770.71784
      796.04524       787.32882       805.33845
      795.11308       770.97592       770.71784
      746.20255       771.74811       770.71784
      661.40786       626.69021       624.14663
      488.06402       539.85766       479.67944
      472.87361       488.06402       423.11079
      818.50000       818.50000       810.73150
       80.81015        58.74581       132.15167
      357.79709       344.76744       271.62333
      810.45596       815.03084       810.21567
      810.21567       815.03084       815.49312
      810.96920       810.50141       818.50000
      818.50000       816.30482       818.50000
      793.92674       791.92687       802.90249
      806.47962       793.92674       802.90249
      810.45596       802.80901       806.47962
      811.10223       802.90249       803.40590
      815.61375       818.50000       818.50000
      802.90249       791.92687       803.40590
      815.61445       815.61375       818.50000
      539.85766       532.96599       479.67944
      499.22033       435.91688       483.90503
      420.34003       389.30764       458.45443
      483.90503       479.67944       532.96599
      626.69021       580.97650       589.02893
      624.41121       584.86054       580.97650
      665.93467       630.79241       666.97441
      579.55391       529.47363       578.49024
      735.30839       723.35053       706.82079
      760.59588       735.88573       754.26651
      684.33801       650.56838       645.86789
      687.29063       706.17815       666.97441
      749.28282       775.08894       756.48854
      519.21847       458.45443       499.22033
      716.49673       745.11091       720.60244
      386.35138       418.85300       342.19835
      797.34467       778.03576       774.66663
      795.44666       796.17644       772.34675
      678.71426       693.80819       713.72728
      762.29417       778.02848       786.85785
        0.00000        89.59870        76.80390
        0.00000        76.80390         0.00000
       89.59870        86.11092       191.77604
      132.15167        58.74581        76.80390
      818.50000       810.50141       818.50000
      753.50370       738.70995       725.58667
      579.55391       578.49024       625.86574
      650.56838       620.12799       606.32775
      756.48854       775.08894       780.73836
      717.36845       745.17450       746.11248
      685.18906       717.36845       687.90452
      796.04524       786.03784       777.08964
      781.44815       788.81434       771.89949
      715.81168       734.68051       720.89140
      731.92490       744.34133       755.52261
      589.02893       624.14663       626.69021
      796.10579       782.78032       799.12268
      718.31189       726.52221       746.20255
      810.45596       806.47962       812.80222
      778.51564       791.92687       793.92674
      811.10223       816.30482       815.61375
      815.79928       818.50000       816.30482
      815.79928       816.30482       811.10223
      810.43984       811.10223       815.61375
      812.80222       806.47962       812.02108
      793.98262       781.44815       793.92674
      191.77604       300.27154       271.62333
      555.61846       499.22033       541.91320
      435.91688       417.25103       483.90503
      499.22033       458.45443       435.91688
      572.82447       519.21847       555.61846
      694.20643       671.59422       661.40786
      655.39214       671.59422       687.29063
      818.50000       795.34659       796.14713
      704.37165       687.29063       671.59422
      666.97441       655.39214       687.29063
      624.41121       655.39214       666.97441
      695.49397       705.47881       666.15941
       76.80390       180.32719       132.15167
      435.91688       389.30764       366.95607
      413.27605       357.79709       431.89174
      818.50000       799.20700       818.50000
      818.50000       797.34467       796.17644
      713.72728       725.58667       738.70995
      804.58648       799.57321       818.50000
      818.50000       816.01777       818.50000
      812.02108       806.47962       810.43984
        0.00000        86.11092         0.00000
        0.00000        89.59870         0.00000
      368.45770       423.11079       417.25103
        0.00000        71.42724         0.00000
      252.59082       218.06305       307.65015
      707.98773       678.71426       713.72728
      771.46519       743.59457       771.35740
      726.52221       718.31189       692.06242
      765.91105       778.02848       753.50370
      344.76744       291.70964       271.62333
      779.98720       778.51564       762.59723
      735.30839       745.45791       723.35053
      687.86541       719.85251       706.82079
      818.50000       805.33845       818.50000
      818.50000       801.73917       818.50000
      687.29063       718.68084       706.17815
      797.34467       774.66663       796.17644
      774.66663       772.34675       796.17644
      778.51564       781.44815       761.03575
      795.44666       818.50000       818.50000
      818.50000       795.80288       818.50000
      743.59457       771.46519       751.65385
      774.65079       754.35033       778.07315
      818.50000       818.50000       811.63428
      810.50141       811.63428       818.50000
      818.50000       812.03737       810.73150
      818.50000       818.50000       815.79928
      815.79928       818.50000       818.50000
      815.61445       810.43984       815.61375
      818.50000       815.61375       818.50000
      818.50000       815.61445       818.50000
      787.35487       782.47094       768.03934
      630.79241       594.20658       584.86054
      592.64262       582.37153       539.59302
      692.06242       651.77668       664.39036
      366.95607       307.83741       291.70964
      262.19869       307.83741       345.72623
      778.02848       799.57321       786.85785
      782.47094       760.67541       768.03934
      704.37165       694.20643       720.89140
      718.68084       704.37165       731.92490
      752.64913       737.61862       761.03575
      694.20643       715.81168       720.89140
      472.87361       423.11079       413.27605
      386.35138       455.48947       418.85300
      518.63225       542.90486       572.67670
      805.35078       787.35487       796.10579
      727.10343       749.68072       754.26651
      762.29417       786.85785       771.35740
      739.09533       738.70995       762.29417
      753.50370       778.02848       762.29417
      307.83741       389.30764       345.72623
      756.75268       746.24803       768.41718
      782.44102       799.20700       801.73917
      734.68051       744.34133       720.89140
      720.89140       731.92490       704.37165
      778.07315       760.67541       782.47094
      749.68072       772.34675       774.66663
      605.54282       620.64557       651.77668
      727.10343       705.47881       695.49397
      782.78032       775.85672       764.05377
      797.34467       818.50000       799.20700
      778.03576       797.34467       799.20700
      810.50141       810.96920       796.10579
      818.50000       810.96920       818.50000
      818.50000       818.50000       810.96920
      801.33431       810.73150       812.03737
      815.72056       818.50000       815.79928
      811.10223       803.40590       811.38368
      807.69823       811.38368       803.40590
       89.59870       191.77604       180.32719
      655.19021       625.86574       623.17053
      518.63225       497.30730       456.58315
      480.78357       431.89174       497.30730
      384.95244       456.58315       431.89174
      539.59302       480.78357       497.30730
      623.17053       666.15941       655.19021
      529.47363       488.06402       472.87361
      705.47881       687.86541       666.15941
      413.27605       480.78357       472.87361
      554.73376       592.64262       539.59302
      687.90452       664.80046       645.25515
      592.64262       629.18923       582.37153
      716.49673       716.58883       744.23548
      818.50000       818.50000       804.58648
      655.19021       687.86541       672.88995
      691.86266       694.20643       661.40786
      539.59302       530.50610       480.78357
      539.59302       582.37153       530.50610
      455.48947       485.58598       516.22648
      578.49024       623.17053       625.86574
      818.50000       818.50000       814.57586
      801.33431       796.04524       810.73150
      799.50135       771.35740       786.85785
      818.50000       818.50000       799.50135
      572.67670       592.96360       620.64557
      713.72728       739.09533       707.98773
      224.34800       291.70964       307.83741
      542.90486       519.21847       572.82447
      793.92674       781.44815       778.51564
      762.59723       745.45791       767.99492
      779.98720       791.92687       778.51564
      793.98262       803.19299       788.81434
      803.19299       799.12268       788.81434
      801.33431       786.03784       796.04524
      752.64913       761.03575       771.89949
      715.81168       737.61862       734.68051
      671.59422       694.20643       704.37165
      665.93467       696.91195       689.12672
      171.86341       262.19869       218.06305
      805.33845       801.73917       818.50000
      756.75268       768.41718       777.08964
      796.02179       818.50000       818.50000
      805.33845       810.96920       796.04524
      812.03737       818.50000       818.50000
      592.96360       569.58323       616.45651
      485.26135       418.85300       455.48947
      418.85300       485.26135       456.58315
      760.59588       768.41718       746.24803
      799.20700       782.44102       778.03576
      805.35078       801.75903       787.35487
      796.10579       787.35487       775.85672
      760.59588       778.03576       782.44102
      781.44815       793.98262       788.81434
      771.89949       782.78032       764.05377
      788.81434       799.12268       782.78032
      771.89949       788.81434       782.78032
      810.73150       810.96920       818.50000
      814.89447       812.03737       818.50000
      810.73150       818.50000       818.50000
      497.30730       554.73376       539.59302
      696.91195       727.32999       721.20219
      810.45596       815.60512       815.03084
      793.92674       802.80901       793.98262
      116.08433       154.94097        71.42724
       71.42724       154.94097        86.11092
       71.42724         0.00000       116.08433
      671.59422       655.39214       626.69021
      799.22860       801.75903       818.50000
      704.37165       718.68084       687.29063
      582.37153       629.18923       623.17053
      518.63225       572.67670       554.73376
      662.33310       624.14663       625.86574
      746.20255       726.52221       751.65385
      745.17450       718.31189       746.20255
      307.83741       366.95607       389.30764
      814.89447       807.69823       812.03737
      788.21635       765.91105       780.73836
      796.02179       818.50000       797.90223
      771.59123       775.08894       749.28282
      696.61885       728.36050       709.59910
      728.36050       756.48854       739.54955
      795.49332       818.50000       818.50000
      818.50000       795.49332       795.80288
      692.06242       707.98773       726.52221
      765.91105       753.50370       739.54955
      788.21635       805.05252       799.57321
      818.50000       818.50000       795.09287
      780.73836       797.90223       801.40554
      818.50000       797.90223       818.50000
      795.49332       818.50000       795.09287
      735.88573       746.24803       719.85251
      774.66663       754.26651       749.68072
      797.34467       818.50000       818.50000
      818.50000       818.50000       796.17644
      810.21567       812.87700       803.19299
      803.19299       802.80901       810.21567
      801.33431       807.69823       795.22939
      629.18923       592.64262       645.25515
      629.18923       645.25515       664.80046
      605.54282       645.25515       592.64262
      715.81168       694.20643       691.86266
      745.45791       726.48046       723.35053
      672.88995       687.86541       706.82079
      700.60734       726.48046       719.14775
      774.65079       778.07315       797.34820
      801.40554       797.90223       818.50000
      771.59123       796.02179       775.08894
      728.36050       739.54955       709.59910
      709.59910       739.54955       725.58667
      810.96920       818.50000       818.50000
      657.63413       675.72187       693.80819
      719.14775       726.48046       742.32352
      756.75268       767.99492       745.45791
      770.21240       771.59123       745.11091
      754.26651       735.88573       727.10343
      662.33310       700.60734       691.86266
      818.50000       818.50000       810.50141
      812.87700       810.21567       815.21907
      655.19021       666.15941       687.86541
      700.60734       672.88995       706.82079
      723.35053       726.48046       700.60734
      625.86574       655.19021       672.88995
      589.02893       579.55391       624.14663
      752.64913       771.89949       764.05377
      737.61862       715.81168       719.14775
      746.11248       745.17450       770.97592
      810.21567       802.80901       810.45596
      675.72187       657.63413       637.18586
      818.50000       818.50000       795.11308
      805.33845       818.50000       810.96920
      518.63225       456.58315       485.26135
      519.21847       485.58598       458.45443
      435.91688       458.45443       389.30764
      696.61885       675.72187       661.32706
      706.82079       719.85251       735.30839
      719.85251       687.86541       705.47881
      787.32882       777.08964       768.41718
      797.34820       778.07315       799.22860
      818.50000       818.50000       801.75903
      770.59130       770.21240       744.23548
      805.35078       810.96920       818.50000
      810.96920       818.50000       818.50000
      687.90452       645.25515       685.18906
      483.90503       541.91320       499.22033
      645.86789       630.79241       665.93467
      720.87449       746.11248       749.68072
      772.34675       749.68072       746.11248
      720.87449       695.49397       687.90452
      751.65385       771.74811       746.20255
      770.21240       794.92443       795.05353
      795.05353       796.02179       771.59123
      661.32706       675.72187       637.18586
      637.18586       657.63413       616.45651
      455.48947       516.22648       485.26135
      516.22648       542.90486       485.26135
      716.49673       744.23548       745.11091
      795.05353       818.50000       818.50000
      720.87449       727.10343       695.49397
      799.22860       818.50000       797.34820
      782.44102       768.41718       760.59588
      779.98720       762.59723       767.99492
      815.60512       818.50000       818.50000
      645.25515       651.77668       685.18906
      580.97650       626.69021       624.41121
      671.59422       626.69021       661.40786
      771.89949       761.03575       781.44815
      774.66663       778.03576       754.26651
      718.31189       745.17450       717.36845
      770.59130       794.92443       770.21240
      795.05353       771.59123       770.21240
      593.01987       637.18586       616.45651
      815.49312       818.50000       818.50000
      818.50000       815.21907       818.50000
      815.49312       815.21907       810.21567
      815.21907       815.49312       818.50000
      154.94097       218.06305       252.59082
      718.68084       731.92490       745.94609
      720.89140       744.34133       731.92490
      582.37153       578.49024       530.50610
      811.38368       815.79928       811.10223
      775.85672       768.03934       755.52261
      794.92443       818.50000       818.50000
      818.50000       814.89447       818.50000
      814.89447       814.57586       807.69823
      752.64913       744.34133       734.68051
      795.09287       818.50000       795.11308
      180.32719       224.34800       132.15167
      271.62333       291.70964       180.32719
      271.62333       180.32719       191.77604
      721.20219       749.59886       745.73379
      770.59130       772.18607       795.34659
      745.11091       744.23548       770.21240
      345.72623       386.35138       307.65015
      542.90486       516.22648       485.58598
      815.49312       815.03084       818.50000
      797.34820       818.50000       818.50000
      796.14713       797.34820       818.50000
      705.47881       735.88573       719.85251
      706.82079       723.35053       700.60734
      745.94609       760.67541       735.73847
      795.34659       794.92443       770.59130
      812.80222       816.63035       815.60512
      815.60512       810.45596       812.80222
      815.03084       815.60512       818.50000
      816.01777       818.50000       816.63035
      812.80222       816.01777       816.63035
      816.63035       818.50000       815.60512
      624.14663       579.55391       625.86574
      529.47363       579.55391       539.85766
      666.15941       623.17053       629.18923
      745.11091       771.59123       749.28282
      782.47094       799.22860       778.07315
      811.38368       814.57586       815.72056
      709.59910       675.72187       696.61885
      719.14775       742.32352       737.61862
      812.87700       818.50000       818.50000
      812.87700       815.21907       818.50000
      727.32999       754.35033       749.59886
      749.59886       754.35033       774.65079
      345.72623       389.30764       420.34003
      218.06305       262.19869       307.65015
      420.34003       386.35138       345.72623
      455.48947       386.35138       420.34003
      715.81168       691.86266       719.14775
      756.48854       728.36050       749.28282
      765.91105       739.54955       756.48854
      716.58883       716.49673       684.33801
      721.20219       716.58883       689.12672
      744.23548       716.58883       745.73379
      745.73379       749.59886       772.18607
      735.73847       718.68084       745.94609
      693.80819       675.72187       709.59910
      753.50370       725.58667       739.54955
      770.59130       745.73379       772.18607
      629.18923       664.80046       666.15941
      772.18607       749.59886       774.65079
      624.41121       666.97441       630.79241
      655.39214       624.41121       626.69021
      691.86266       661.40786       662.33310
      727.32999       749.59886       721.20219
      780.73836       765.91105       756.48854
      815.72056       818.50000       818.50000
      706.17815       727.32999       696.91195
      771.46519       795.49332       771.74811
      795.09287       771.74811       795.49332
      818.50000       818.50000       816.63035
      818.50000       818.50000       816.63035
      782.44102       787.32882       768.41718
      754.35033       727.32999       735.73847
      735.73847       760.67541       754.35033
      755.52261       745.94609       731.92490
      754.35033       760.67541       778.07315
      797.90223       775.08894       796.02179
      745.94609       768.03934       760.67541
      775.85672       787.35487       768.03934
      516.22648       569.58323       542.90486
      818.50000       818.50000       801.40554
      818.50000       818.50000       796.14713
      818.50000       818.50000       795.34659
      516.22648       542.90486       569.58323
      485.58598       519.21847       542.90486
      779.98720       786.03784       795.22939
      796.10579       775.85672       782.78032
      775.85672       755.52261       764.05377
      745.94609       755.52261       768.03934
      764.05377       755.52261       744.34133
      799.22860       818.50000       818.50000
      814.89447       818.50000       814.57586
       71.42724        86.11092         0.00000
      767.99492       777.08964       786.03784
       80.81015         0.00000         0.00000
      777.08964       787.32882       796.04524
      816.01777       815.61445       818.50000
      818.50000       814.89447       818.50000
      812.02108       810.43984       815.61445
      720.60244       749.28282       728.36050
      727.10343       720.87449       749.68072
      797.90223       780.73836       775.08894
      413.27605       431.89174       480.78357
      801.33431       812.03737       807.69823
      554.73376       497.30730       518.63225
      456.58315       497.30730       431.89174
      672.88995       700.60734       662.33310
      572.67670       620.64557       605.54282
      801.75903       782.47094       787.35487
      795.80288       795.49332       771.46519
      787.32882       782.44102       801.73917
      796.14713       795.34659       772.18607
      539.85766       580.97650       532.96599
      796.14713       772.18607       774.65079
      665.93467       689.12672       645.86789
      811.38368       807.69823       814.57586
      542.90486       572.82447       593.01987
      805.05252       788.21635       801.40554
      420.34003       458.45443       485.58598
      435.91688       366.95607       417.25103
      799.22860       782.47094       801.75903
      805.33845       787.32882       801.73917
      661.40786       624.14663       662.33310
      795.80288       771.35740       799.50135
      529.47363       472.87361       530.50610
      810.96920       810.73150       796.04524
      483.90503       532.96599       541.91320
      774.65079       797.34820       796.14713
