 52.49668898010	 52.06885305432	 52.88326478920
 49.67981293177	 50.29895230247	 51.11808388817
 51.47499276519	 51.27929496155	 51.81475997750
 49.33144269525	 49.18008349431	 50.41242402806
 53.78198914923	 53.64471684191	 53.76765756266
 53.65858588692	 53.64471684191	 53.78198914923
 49.82829897721	 50.29895230247	 47.37962017656
 46.72401881571	 47.33912540260	 47.50075580292
 53.16345916373	 53.71469963505	 53.58423689500
 53.27968525055	 53.49762196023	 53.60968343399
 51.18799213784	 51.29212233842	 50.44295877738
 53.80792456551	 53.71469963505	 53.31935488039
 53.40836911150	 53.27398346722	 53.25442740061
 53.40836911150	 53.34325439727	 53.49271791319
 53.34325439727	 53.40836911150	 53.25442740061
 50.74939202707	 50.49432515552	 51.69352094635
 52.03169166758	 52.87678597665	 52.65014943445
 51.75940830773	 51.40811324369	 55.05988090659
 52.87881245020	 51.54810967340	 52.98297505497
 53.88042033678	 53.99020877388	 53.89655296377
 51.33326025364	 52.03658173641	 50.31191256633
 54.19127898248	 55.05988090659	 53.57438998568
 50.29895230247	 49.67981293177	 47.37962017656
 48.74992813739	 48.44206665694	 47.65433355840
 49.60689016229	 51.98508185157	 49.27462300727
 52.88326478920	 53.16939012680	 52.49668898010
 52.87881245020	 52.98297505497	 53.45734571417
 49.32600814289	 50.31191256633	 49.17536668999
 52.72306194144	 52.83641945262	 52.21291588232
 48.07950967004	 48.44206665694	 47.36468106512
 47.99364840634	 48.84042655954	 49.70891244844
 49.70891244844	 50.61886453856	 49.53384521530
 53.43771432633	 52.53693300271	 53.39785548817
 51.98508185157	 53.09324125642	 53.24949609384
 55.05988090659	 53.19942014123	 51.75940830773
 51.80125456869	 51.40811324369	 49.70032031855
 49.26669178684	 47.91157214948	 49.23584994698
 53.09324125642	 51.67763228581	 53.01599454318
 53.73114799596	 53.85778553966	 53.84115385152
 47.04472919156	 47.46830391266	 47.10330614918
 49.85222465626	 52.06885305432	 51.22912797927
 52.49668898010	 51.86542533531	 51.22912797927
 50.60539060867	 49.77012987474	 50.61066789644
 51.86542533531	 50.05561116992	 51.22912797927
 51.54810967340	 52.87881245020	 52.06885305432
 50.91472060104	 48.38536705810	 50.05561116992
 53.33666407828	 52.88326478920	 52.87881245020
 51.41313217031	 52.65014943445	 52.22135176742
 54.00595591501	 54.04896188212	 53.96543630281
 51.67763228581	 53.09324125642	 51.98508185157
 53.73114799596	 53.74220715208	 53.85778553966
 47.72555368201	 48.63276981996	 48.73317671592
 46.94569424255	 47.09016622218	 47.57358352572
 51.05298557378	 50.60539060867	 50.61066789644
 53.76765756266	 53.89655296377	 53.78198914923
 53.45734571417	 53.33666407828	 52.87881245020
 47.36468106512	 48.44206665694	 48.98924571611
 53.77257203217	 53.39785548817	 53.24949609384
 53.84115385152	 53.67264612656	 53.55887068044
 53.52935217861	 53.51692452145	 53.65858588692
 52.06885305432	 52.49668898010	 51.22912797927
 53.15695048152	 53.39828120258	 53.30607072235
 53.16939012680	 53.39828120258	 53.15695048152
 50.44466278079	 51.48339958597	 50.62814150850
 53.19942014123	 55.05988090659	 54.81068436435
 50.61886453856	 53.19942014123	 51.58368771505
 50.74939202707	 49.65516604536	 49.75544286353
 48.98924571611	 48.44206665694	 50.32803162119
 52.03658173641	 51.33326025364	 54.81068436435
 51.33326025364	 50.31191256633	 50.61015869100
 53.71469963505	 53.80792456551	 53.96543630281
 54.81068436435	 51.58368771505	 53.19942014123
 53.57438998568	 55.05988090659	 51.40811324369
 47.46830391266	 48.29274965593	 48.84042655954
 47.85529358564	 50.02998694547	 48.92440056302
 47.99364840634	 47.46830391266	 48.84042655954
 54.19127898248	 53.57438998568	 50.02998694547
 47.75392932345	 48.07950967004	 48.53711083924
 53.60968343399	 53.74220715208	 53.73114799596
 52.03169166758	 51.10471728236	 52.34815981011
 53.27968525055	 53.27398346722	 53.49762196023
 52.87881245020	 52.88326478920	 52.06885305432
 47.56292348515	 47.22964401193	 47.85529358564
 47.22679079712	 48.21066970286	 48.38536705810
 49.70891244844	 53.19942014123	 50.61886453856
 51.75940830773	 49.70891244844	 48.84042655954
 51.75940830773	 53.19942014123	 49.70891244844
 53.40836911150	 53.49762196023	 53.27398346722
 53.01726773532	 52.65014943445	 53.27968525055
 51.98508185157	 49.60689016229	 51.67763228581
 53.51692452145	 53.52935217861	 53.39828120258
 52.88326478920	 53.33666407828	 53.16939012680
 48.78032142799	 47.33912540260	 47.32977877844
 48.38536705810	 48.21066970286	 50.05561116992
 47.44016801029	 47.86903815286	 47.22679079712
 52.49668898010	 52.72306194144	 51.86542533531
 53.16939012680	 52.72306194144	 52.49668898010
 52.21291588232	 50.91472060104	 51.86542533531
 54.06275693915	 53.99490705671	 54.02930567158
 53.58423689500	 52.98297505497	 53.16345916373
 53.88042033678	 53.96543630281	 53.99020877388
 53.67264612656	 53.77257203217	 53.24949609384
 53.84115385152	 53.85778553966	 53.95644305520
 53.84115385152	 53.95644305520	 53.93647207080
 53.24949609384	 53.09324125642	 53.67264612656
 53.39347166795	 53.39828120258	 53.52935217861
 53.14853609544	 52.83641945262	 53.15695048152
 49.85222465626	 48.78032142799	 47.32977877844
 46.88766990146	 46.72401881571	 46.94569424255
 52.34815981011	 52.96241909129	 52.87678597665
 52.34815981011	 52.87678597665	 52.03169166758
 51.80125456869	 51.24491476918	 53.57438998568
 48.29274965593	 49.70032031855	 51.40811324369
 52.03658173641	 50.22497834960	 49.17536668999
 46.88766990146	 46.94569424255	 47.22964401193
 47.22679079712	 47.86903815286	 48.21066970286
 50.61015869100	 50.85324113517	 51.33326025364
 53.25442740061	 53.27398346722	 52.96241909129
 53.30607072235	 53.39828120258	 53.39347166795
 53.45734571417	 53.76765756266	 53.64471684191
 48.78032142799	 49.85222465626	 51.22912797927
 52.65014943445	 51.41313217031	 52.03169166758
 53.30607072235	 53.39347166795	 53.24013739417
 52.44366178682	 52.13055670823	 50.08941940641
 53.24949609384	 53.39785548817	 52.26365089910
 47.32977877844	 48.35662244949	 49.85222465626
 52.21291588232	 51.86542533531	 52.72306194144
 53.89655296377	 53.76765756266	 53.88042033678
 53.24949609384	 52.26365089910	 51.98508185157
 52.53693300271	 52.26365089910	 53.39785548817
 53.99490705671	 53.93647207080	 54.02930567158
 54.00595591501	 54.06275693915	 54.04896188212
 53.93647207080	 53.95644305520	 54.02930567158
 53.67264612656	 53.93647207080	 53.77257203217
 51.80125456869	 50.56456505954	 50.99123215619
 53.15695048152	 53.30607072235	 53.14853609544
 51.54810967340	 52.06885305432	 49.85222465626
 50.85324113517	 51.58368771505	 51.33326025364
 46.81032040860	 47.04472919156	 47.10330614918
 50.61886453856	 51.58368771505	 50.69312206564
 54.19127898248	 50.02998694547	 50.22497834960
 54.81068436435	 51.33326025364	 51.58368771505
 51.24491476918	 50.02998694547	 53.57438998568
 53.57438998568	 51.40811324369	 51.80125456869
 49.27462300727	 49.70032031855	 48.29274965593
 53.99490705671	 53.82579933449	 53.77257203217
 50.61886453856	 50.22194514410	 49.53384521530
 53.43771432633	 53.80792456551	 53.31935488039
 50.56456505954	 52.26365089910	 52.53693300271
 50.99123215619	 52.53693300271	 52.44366178682
 52.44366178682	 50.08941940641	 50.99123215619
 48.11530395943	 48.34404956822	 47.44016801029
 54.06275693915	 54.00595591501	 53.99490705671
 53.39785548817	 53.77257203217	 53.82579933449
 50.45437748590	 49.84025899340	 49.26669178684
 53.99020877388	 53.96543630281	 54.04896188212
 51.87488522468	 53.16345916373	 52.98297505497
 47.76514466999	 49.27462300727	 48.29274965593
 52.44366178682	 53.31935488039	 52.13055670823
 53.55887068044	 53.01599454318	 53.44138023904
 53.93647207080	 53.67264612656	 53.84115385152
 51.29212233842	 51.11808388817	 50.96355829376
 49.32600814289	 50.12262309843	 50.31191256633
 47.57358352572	 48.64029096169	 48.37556339575
 47.10330614918	 47.19431011262	 46.81032040860
 48.63276981996	 47.72555368201	 47.99364840634
 50.81777597404	 51.64747552936	 50.44466278079
 47.99364840634	 47.72555368201	 47.10330614918
 49.82829897721	 50.96355829376	 50.29895230247
 47.76514466999	 47.46830391266	 47.04472919156
 48.20581125456	 49.23584994698	 47.91157214948
 48.78162579983	 49.12415834209	 48.11530395943
 49.12415834209	 49.23584994698	 48.20581125456
 48.98924571611	 50.32803162119	 51.41313217031
 53.16345916373	 52.13055670823	 53.31935488039
 53.31935488039	 52.44366178682	 53.43771432633
 52.44366178682	 52.53693300271	 53.43771432633
 47.91157214948	 47.57358352572	 47.09016622218
 46.72401881571	 47.09016622218	 46.94569424255
 53.33666407828	 53.64471684191	 53.51692452145
 49.71779482013	 50.12262309843	 49.32600814289
 53.09324125642	 53.55887068044	 53.67264612656
 53.55887068044	 53.09324125642	 53.01599454318
 53.65858588692	 53.51692452145	 53.64471684191
 53.45734571417	 52.98297505497	 53.58423689500
 53.43771432633	 53.39785548817	 53.82579933449
 51.12954337686	 51.40637478677	 51.67364931552
 47.09016622218	 47.50075580292	 48.20581125456
 47.32977877844	 46.88766990146	 48.35662244949
 47.99364840634	 47.10330614918	 47.46830391266
 51.75940830773	 48.84042655954	 51.40811324369
 48.63276981996	 49.53384521530	 48.73317671592
 49.14918716393	 49.85213835361	 46.79482175112
 47.85529358564	 48.92440056302	 49.03640974368
 51.54810967340	 51.87488522468	 52.98297505497
 47.76514466999	 48.29274965593	 47.46830391266
 49.53384521530	 50.22194514410	 49.75544286353
 50.45437748590	 49.26669178684	 50.30476550835
 49.98116947106	 48.78162579983	 49.45776117081
 53.01599454318	 51.67763228581	 52.22135176742
 52.22135176742	 52.65014943445	 53.01726773532
 51.12954337686	 50.45437748590	 51.05298557378
 47.96882523847	 47.72555368201	 48.73317671592
 47.99364840634	 49.70891244844	 48.63276981996
 53.44138023904	 53.73114799596	 53.55887068044
 49.60689016229	 48.47915349553	 51.67763228581
 50.10607109420	 50.96355829376	 49.82829897721
 49.98116947106	 49.12415834209	 48.78162579983
 49.27462300727	 47.76514466999	 49.60689016229
 47.76514466999	 48.47915349553	 49.60689016229
 50.74939202707	 49.75544286353	 50.49432515552
 53.16345916373	 51.87488522468	 52.13055670823
 48.92440056302	 50.08941940641	 49.03640974368
 50.45437748590	 51.12954337686	 49.84025899340
 50.30476550835	 49.26669178684	 49.23584994698
 51.05298557378	 50.30476550835	 50.60539060867
 50.45437748590	 50.30476550835	 51.05298557378
 49.98116947106	 50.60539060867	 50.30476550835
 52.83641945262	 52.72306194144	 53.15695048152
 50.49432515552	 49.75544286353	 50.22194514410
 49.18008349431	 47.96882523847	 48.73317671592
 50.62814150850	 51.38288172454	 50.78219309644
 51.67364931552	 51.64747552936	 50.81777597404
 53.39828120258	 53.16939012680	 53.51692452145
 49.53384521530	 49.75544286353	 48.73317671592
 53.64471684191	 53.33666407828	 53.45734571417
 49.26669178684	 49.84025899340	 48.64029096169
 49.23584994698	 49.98116947106	 50.30476550835
 54.19127898248	 50.22497834960	 52.03658173641
 48.30482107458	 50.02998694547	 47.85529358564
 53.14853609544	 53.30607072235	 53.24013739417
 50.22497834960	 50.02998694547	 48.30482107458
 48.30482107458	 49.17536668999	 50.22497834960
 46.81032040860	 47.19431011262	 47.50534622673
 49.33766294046	 49.33144269525	 50.21673083279
 49.85222465626	 48.35662244949	 51.54810967340
 51.54810967340	 49.46996440803	 51.87488522468
 48.64029096169	 47.91157214948	 49.26669178684
 49.84025899340	 51.12954337686	 50.81777597404
 51.40075549170	 51.41299012656	 51.64747552936
 50.75032440030	 49.85213835361	 49.14918716393
 50.78219309644	 51.31139275904	 50.80288708134
 53.33666407828	 53.51692452145	 53.16939012680
 48.73317671592	 49.65516604536	 49.18008349431
 49.70891244844	 49.53384521530	 48.63276981996
 53.43771432633	 53.82579933449	 53.80792456551
 48.34404956822	 47.86903815286	 47.44016801029
 48.47915349553	 47.04472919156	 47.39910075223
 55.05988090659	 54.19127898248	 54.81068436435
 49.70032031855	 49.27462300727	 50.56456505954
 50.81777597404	 50.44466278079	 49.71779482013
 50.30631823254	 50.75032440030	 49.14918716393
 51.12954337686	 51.67364931552	 50.81777597404
 51.86542533531	 50.91472060104	 50.05561116992
 51.38288172454	 51.27871126915	 51.31139275904
 51.64747552936	 51.41299012656	 51.48339958597
 52.03658173641	 54.81068436435	 54.19127898248
 46.81032040860	 47.50534622673	 47.36468106512
 47.39910075223	 50.07599337804	 48.47915349553
 51.67763228581	 48.47915349553	 50.07599337804
 50.12262309843	 50.44466278079	 50.62814150850
 51.46104348685	 51.38288172454	 51.48339958597
 51.27871126915	 51.38399992663	 51.31139275904
 53.27968525055	 52.87678597665	 53.27398346722
 52.13055670823	 51.87488522468	 49.03640974368
 48.92440056302	 51.24491476918	 50.08941940641
 50.07599337804	 48.98924571611	 51.41313217031
 46.72401881571	 46.88766990146	 47.32977877844
 48.64029096169	 49.84025899340	 49.71779482013
 51.64747552936	 51.48339958597	 50.44466278079
 49.45776117081	 49.77012987474	 50.60539060867
 49.77012987474	 49.35296672877	 50.61066789644
 47.56292348515	 47.85529358564	 49.03640974368
 51.54810967340	 48.35662244949	 49.46996440803
 52.22135176742	 53.01726773532	 53.01599454318
 50.85324113517	 50.78219309644	 50.80288708134
 50.30631823254	 51.40637478677	 50.75032440030
 51.05298557378	 50.75032440030	 51.40637478677
 50.97102658115	 51.67364931552	 51.40637478677
 50.07599337804	 51.41313217031	 52.22135176742
 53.44138023904	 53.01726773532	 53.27968525055
 47.36468106512	 48.98924571611	 47.39910075223
 50.61015869100	 50.31191256633	 50.12262309843
 50.12262309843	 50.62814150850	 50.61015869100
 50.85324113517	 50.61015869100	 50.78219309644
 51.41299012656	 51.46104348685	 51.48339958597
 49.45776117081	 50.60539060867	 49.98116947106
 50.22194514410	 50.66559848394	 50.49432515552
 48.73317671592	 49.75544286353	 49.65516604536
 47.39910075223	 48.98924571611	 50.07599337804
 46.88766990146	 47.22964401193	 47.56292348515
 47.74438245225	 46.94569424255	 47.57358352572
 48.64029096169	 47.57358352572	 47.91157214948
 48.64029096169	 49.71779482013	 49.32600814289
 50.69312206564	 50.80288708134	 50.66559848394
 51.31935762089	 51.53070089326	 51.50029973371
 53.62247354788	 53.74220715208	 53.60968343399
 53.01726773532	 53.44138023904	 53.01599454318
 51.98508185157	 52.26365089910	 49.27462300727
 47.22964401193	 48.30482107458	 47.85529358564
 49.46996440803	 47.56292348515	 49.03640974368
 48.37556339575	 47.74438245225	 47.57358352572
 48.37556339575	 48.64029096169	 49.32600814289
 50.30631823254	 50.97102658115	 51.40637478677
 51.40075549170	 51.64747552936	 51.67364931552
 47.50075580292	 47.86903815286	 48.34404956822
 46.94569424255	 47.74438245225	 47.22964401193
 49.71779482013	 49.84025899340	 50.81777597404
 47.96882523847	 49.33144269525	 48.28214421819
 47.19431011262	 48.28214421819	 47.50534622673
 48.30482107458	 47.74438245225	 49.17536668999
 50.80288708134	 51.36088825698	 50.66559848394
 50.61886453856	 50.69312206564	 50.22194514410
 51.18799213784	 49.65516604536	 50.74939202707
 50.97102658115	 51.40075549170	 51.67364931552
 53.49762196023	 53.40836911150	 53.49271791319
 46.79482175112	 49.85213835361	 49.35296672877
 49.85213835361	 50.61066789644	 49.35296672877
 51.47499276519	 51.81475997750	 51.69352094635
 51.66161481508	 51.18799213784	 51.81475997750
 50.74939202707	 51.69352094635	 51.81475997750
 50.32803162119	 48.74992813739	 51.10471728236
 47.91157214948	 47.09016622218	 48.20581125456
 53.49271791319	 53.62247354788	 53.49762196023
 51.81475997750	 51.27929496155	 51.66161481508
 50.41242402806	 51.29212233842	 50.89888324545
 47.96882523847	 49.18008349431	 49.33144269525
 51.29212233842	 50.96355829376	 50.89888324545
 51.31139275904	 51.38399992663	 51.36088825698
 51.46104348685	 51.27871126915	 51.38288172454
 50.44295877738	 50.41242402806	 49.18008349431
 47.19431011262	 47.10330614918	 47.72555368201
 47.74438245225	 48.37556339575	 49.17536668999
 48.53711083924	 47.50534622673	 48.28214421819
 50.89888324545	 49.73796872836	 50.21673083279
 50.41242402806	 50.44295877738	 51.29212233842
 51.36088825698	 51.31935762089	 51.50029973371
 53.80792456551	 54.00595591501	 53.96543630281
 49.73796872836	 50.89888324545	 50.10607109420
 50.21673083279	 50.41242402806	 50.89888324545
 49.05284917259	 48.30396259347	 49.33766294046
 50.21673083279	 49.33144269525	 50.41242402806
 50.21673083279	 49.05284917259	 49.33766294046
 49.33766294046	 48.28214421819	 49.33144269525
 51.53070089326	 51.69352094635	 51.50029973371
 47.65433355840	 48.44206665694	 48.07950967004
 50.05561116992	 48.21066970286	 48.78032142799
 50.61066789644	 49.85213835361	 50.75032440030
 48.53711083924	 49.33766294046	 48.30396259347
 48.30396259347	 47.75392932345	 48.53711083924
 51.53070089326	 51.47499276519	 51.69352094635
 51.38399992663	 51.31935762089	 51.36088825698
 53.88042033678	 53.71469963505	 53.96543630281
 50.62814150850	 50.78219309644	 50.61015869100
 47.50534622673	 48.53711083924	 48.07950967004
 48.07950967004	 47.75392932345	 47.65433355840
 46.72401881571	 47.32977877844	 47.33912540260
 46.72401881571	 47.50075580292	 47.09016622218
 47.56292348515	 48.35662244949	 46.88766990146
 51.66161481508	 50.62900245828	 51.11808388817
 51.29212233842	 51.66161481508	 51.11808388817
 49.46996440803	 48.35662244949	 47.56292348515
 48.44206665694	 48.74992813739	 50.32803162119
 51.11808388817	 50.62900245828	 49.67981293177
 51.10471728236	 52.03169166758	 50.32803162119
 53.27398346722	 52.87678597665	 52.96241909129
 51.66161481508	 51.27929496155	 50.62900245828
 53.27968525055	 52.65014943445	 52.87678597665
 49.73796872836	 49.05284917259	 50.21673083279
 53.62247354788	 53.60968343399	 53.49762196023
 53.44138023904	 53.60968343399	 53.73114799596
 53.16939012680	 53.15695048152	 52.72306194144
 53.82579933449	 53.99490705671	 54.00595591501
 53.82579933449	 54.00595591501	 53.80792456551
 49.71779482013	 50.44466278079	 50.12262309843
 47.72555368201	 47.96882523847	 47.19431011262
 50.44295877738	 49.65516604536	 51.18799213784
 49.18008349431	 49.65516604536	 50.44295877738
 50.49432515552	 51.50029973371	 51.69352094635
 50.02998694547	 51.24491476918	 48.92440056302
 50.99123215619	 51.24491476918	 51.80125456869
 50.99123215619	 50.08941940641	 51.24491476918
 50.85324113517	 50.69312206564	 51.58368771505
 49.27462300727	 52.26365089910	 50.56456505954
 51.80125456869	 49.70032031855	 50.56456505954
 53.88042033678	 53.76765756266	 53.58423689500
 51.18799213784	 50.74939202707	 51.81475997750
 47.36468106512	 47.39910075223	 46.81032040860
 50.66559848394	 51.50029973371	 50.49432515552
 48.28214421819	 47.19431011262	 47.96882523847
 47.39910075223	 47.04472919156	 46.81032040860
 51.50029973371	 50.66559848394	 51.36088825698
 47.33912540260	 48.21066970286	 47.86903815286
 48.20581125456	 47.50075580292	 48.34404956822
 51.05298557378	 50.61066789644	 50.75032440030
 51.40637478677	 51.12954337686	 51.05298557378
 53.31935488039	 53.71469963505	 53.16345916373
 51.18799213784	 51.66161481508	 51.29212233842
 52.13055670823	 49.03640974368	 50.08941940641
 50.56456505954	 52.53693300271	 50.99123215619
 50.78219309644	 51.38288172454	 51.31139275904
 51.48339958597	 51.38288172454	 50.62814150850
 49.98116947106	 49.23584994698	 49.12415834209
 49.33766294046	 48.53711083924	 48.28214421819
 47.33912540260	 48.78032142799	 48.21066970286
 47.74438245225	 48.30482107458	 47.22964401193
 47.50075580292	 47.33912540260	 47.86903815286
 53.58423689500	 53.76765756266	 53.45734571417
 53.71469963505	 53.88042033678	 53.58423689500
 51.36088825698	 50.80288708134	 51.31139275904
 50.80288708134	 50.69312206564	 50.85324113517
 50.31191256633	 52.03658173641	 49.17536668999
 53.27968525055	 53.60968343399	 53.44138023904
 48.34404956822	 49.12415834209	 48.20581125456
 51.40811324369	 48.84042655954	 48.29274965593
 47.76514466999	 47.04472919156	 48.47915349553
 51.67763228581	 50.07599337804	 52.22135176742
 53.93647207080	 53.99490705671	 53.77257203217
 48.07950967004	 47.36468106512	 47.50534622673
 48.78032142799	 51.22912797927	 50.05561116992
 49.12415834209	 48.34404956822	 48.11530395943
 50.89888324545	 50.96355829376	 50.10607109420
 50.66559848394	 50.22194514410	 50.69312206564
 53.73114799596	 53.84115385152	 53.55887068044
 49.03640974368	 51.87488522468	 49.46996440803
 51.11808388817	 50.29895230247	 50.96355829376
 49.17536668999	 48.37556339575	 49.32600814289
 51.41313217031	 50.32803162119	 52.03169166758
 30.32876451990	 34.35876940159	 37.74582910637
 39.89720335927	 37.74616343002	 35.96618419690
 44.23561476724	 52.21291588232	 47.23416442953
 33.66835378391	 35.05992815470	 33.08701084390
 26.88701950957	 26.66545865977	 29.35689181136
 26.88701950957	 30.12037632148	 27.14178369767
 30.66014501480	 31.58562591334	 30.44956606822
 32.85762677345	 32.39345722885	 48.78162579983
 28.00860731809	 32.46131340399	 34.35876940159
 28.73100783751	 28.80702170360	 29.24626048886
 33.08701084390	 31.97793401492	 33.66835378391
 26.70270152459	 27.21424945238	 26.39804242002
 29.61098481695	 32.01596103582	 32.92317720550
 26.29516038896	 26.39804242002	 26.22319833150
 28.80702170360	 27.95197643224	 27.21424945238
 28.00860731809	 27.53782697650	 32.46131340399
 27.21424945238	 27.95197643224	 26.55421884966
 36.26396475740	 39.89720335927	 35.96618419690
 49.35296672877	 34.13330056593	 46.79482175112
 34.13330056593	 32.57763489566	 30.32876451990
 26.40258901666	 26.45040021918	 26.54360229524
 27.14178369767	 30.99708397269	 27.53782697650
 30.98996203826	 30.69738272162	 32.39345722885
 30.01213934589	 31.97793401492	 30.66014501480
 47.23416442953	 44.26521777422	 41.82647875185
 37.74616343002	 35.05992815470	 35.96618419690
 49.23557012805	 53.24013739417	 46.28251368195
 35.96618419690	 32.92317720550	 32.01596103582
 27.46548058942	 28.16330228486	 27.69061725317
 36.57813434193	 44.23561476724	 41.82647875185
 32.39345722885	 30.69738272162	 32.57763489566
 27.05086211825	 26.75969937470	 26.91855656186
 31.09692083351	 29.61098481695	 32.92317720550
 31.09692083351	 31.97793401492	 30.01213934589
 30.87851707860	 29.99261494926	 29.60944058145
 27.17213298314	 26.54360229524	 26.75969937470
 46.28251368195	 41.37248673842	 44.26521777422
 41.82647875185	 36.26396475740	 36.57813434193
 53.24013739417	 49.23557012805	 53.14853609544
 28.04344008697	 28.16330228486	 27.46548058942
 28.88098146908	 29.99261494926	 30.25943302819
 53.14853609544	 49.23557012805	 52.83641945262
 27.14178369767	 30.12037632148	 30.99708397269
 36.26396475740	 35.96618419690	 32.01596103582
 28.96807476469	 30.01213934589	 30.66014501480
 30.01213934589	 27.17213298314	 27.42834539652
 30.01213934589	 28.96807476469	 27.17213298314
 30.25943302819	 36.26396475740	 29.11090842039
 46.79482175112	 34.13330056593	 37.74582910637
 49.45776117081	 32.57763489566	 49.77012987474
 27.17213298314	 26.75969937470	 27.42834539652
 27.69061725317	 27.42834539652	 27.05086211825
 31.40134502019	 35.72008580898	 36.57813434193
 26.29516038896	 26.40258901666	 26.39804242002
 28.96807476469	 26.70270152459	 27.17213298314
 26.40258901666	 26.54360229524	 26.70270152459
 26.70270152459	 26.54360229524	 27.17213298314
 28.80702170360	 27.21424945238	 28.96807476469
 26.70270152459	 26.39804242002	 26.40258901666
 28.80702170360	 28.73100783751	 27.95197643224
 28.41880243763	 28.85458777934	 26.58374157129
 26.62631156332	 26.58374157129	 26.37080039943
 26.65854207607	 26.88701950957	 26.91855656186
 26.20975403135	 26.29516038896	 26.22319833150
 26.29516038896	 26.37080039943	 26.45040021918
 44.26521777422	 47.23416442953	 49.23557012805
 29.11090842039	 36.26396475740	 32.01596103582
 29.76056051130	 30.44956606822	 29.58498679641
 31.97793401492	 31.58562591334	 30.66014501480
 30.25943302819	 36.57813434193	 36.26396475740
 31.99697682024	 31.39359387308	 30.87851707860
 29.64734629056	 30.69738272162	 30.98996203826
 31.98896814209	 31.40134502019	 31.14655383272
 29.99261494926	 31.14655383272	 31.40134502019
 31.40134502019	 30.25943302819	 29.99261494926
 28.88098146908	 29.60944058145	 29.99261494926
 29.11090842039	 28.88098146908	 30.25943302819
 31.14655383272	 30.87851707860	 31.39359387308
 48.38536705810	 31.98896814209	 47.22679079712
 47.44016801029	 47.22679079712	 31.39359387308
 49.45776117081	 48.78162579983	 32.39345722885
 26.75969937470	 26.54360229524	 26.65854207607
 28.80702170360	 28.96807476469	 29.76056051130
 26.36734143529	 26.37080039943	 26.20975403135
 26.37080039943	 26.58374157129	 26.45040021918
 26.65854207607	 26.91855656186	 26.75969937470
 26.66545865977	 26.45040021918	 26.58374157129
 26.29516038896	 26.20975403135	 26.37080039943
 27.26500631177	 27.05086211825	 26.91855656186
 26.65854207607	 26.66545865977	 26.88701950957
 41.37248673842	 39.89720335927	 44.26521777422
 27.42834539652	 26.75969937470	 27.05086211825
 28.16330228486	 32.01596103582	 29.61098481695
 35.72008580898	 44.23561476724	 36.57813434193
 31.40134502019	 31.98896814209	 35.72008580898
 29.76056051130	 30.66014501480	 30.44956606822
 31.97793401492	 33.08701084390	 31.58562591334
 30.87851707860	 31.14655383272	 29.99261494926
 32.39345722885	 32.57763489566	 49.45776117081
 31.98896814209	 31.14655383272	 31.39359387308
 31.39359387308	 47.22679079712	 31.98896814209
 32.57763489566	 34.13330056593	 49.77012987474
 49.35296672877	 49.77012987474	 34.13330056593
 29.60944058145	 30.98996203826	 30.87851707860
 30.98996203826	 29.60944058145	 29.64734629056
 31.99697682024	 32.85762677345	 48.11530395943
 26.22319833150	 26.39804242002	 26.55421884966
 36.26396475740	 41.82647875185	 39.89720335927
 30.98996203826	 32.39345722885	 32.85762677345
 26.40258901666	 26.29516038896	 26.45040021918
 26.65854207607	 26.45040021918	 26.66545865977
 26.70270152459	 28.96807476469	 27.21424945238
 29.76056051130	 28.96807476469	 30.66014501480
 26.58374157129	 28.85458777934	 26.66545865977
 26.37080039943	 26.36734143529	 26.62631156332
 26.65854207607	 26.54360229524	 26.45040021918
 31.09692083351	 30.01213934589	 27.42834539652
 26.58374157129	 26.62631156332	 28.41880243763
 28.85458777934	 29.35689181136	 26.66545865977
 26.55421884966	 26.39804242002	 27.21424945238
 29.58498679641	 28.91839400125	 29.24626048886
 27.05086211825	 27.46548058942	 27.69061725317
 27.26500631177	 27.46548058942	 27.05086211825
 29.64734629056	 28.58924464483	 29.13615877809
 52.83641945262	 47.23416442953	 52.21291588232
 28.08246624988	 28.41880243763	 26.62631156332
 28.08246624988	 26.62631156332	 26.36734143529
 27.69061725317	 31.09692083351	 27.42834539652
 29.61098481695	 27.69061725317	 28.16330228486
 27.69061725317	 29.61098481695	 31.09692083351
 39.89720335927	 41.82647875185	 44.26521777422
 46.28251368195	 44.26521777422	 49.23557012805
 39.89720335927	 41.37248673842	 37.74616343002
 30.32876451990	 29.13615877809	 34.35876940159
 34.13330056593	 30.32876451990	 37.74582910637
 31.99697682024	 47.44016801029	 31.39359387308
 50.91472060104	 35.72008580898	 48.38536705810
 29.64734629056	 29.60944058145	 28.58924464483
 47.44016801029	 31.99697682024	 48.11530395943
 29.13615877809	 28.58924464483	 28.00860731809
 32.85762677345	 48.78162579983	 48.11530395943
 32.85762677345	 31.99697682024	 30.98996203826
 30.87851707860	 30.98996203826	 31.99697682024
 26.88701950957	 27.14178369767	 26.91855656186
 28.00860731809	 34.35876940159	 29.13615877809
 27.77106242954	 28.00860731809	 28.58924464483
 35.96618419690	 33.66835378391	 32.92317720550
 49.23557012805	 47.23416442953	 52.83641945262
 44.23561476724	 47.23416442953	 41.82647875185
 44.23561476724	 50.91472060104	 52.21291588232
 35.72008580898	 31.98896814209	 48.38536705810
 33.66835378391	 35.96618419690	 35.05992815470
 28.88098146908	 28.58924464483	 29.60944058145
 29.11090842039	 28.04344008697	 28.88098146908
 29.76056051130	 29.58498679641	 29.24626048886
 29.76056051130	 29.24626048886	 28.80702170360
 28.04344008697	 28.58924464483	 28.88098146908
 27.26500631177	 27.77106242954	 27.46548058942
 27.77106242954	 28.04344008697	 27.46548058942
 32.46131340399	 27.53782697650	 30.99708397269
 27.77106242954	 27.26500631177	 27.53782697650
 28.91839400125	 28.73100783751	 29.24626048886
 31.40134502019	 36.57813434193	 30.25943302819
 27.26500631177	 27.14178369767	 27.53782697650
 26.88701950957	 29.35689181136	 30.12037632148
 33.66835378391	 31.09692083351	 32.92317720550
 27.26500631177	 26.91855656186	 27.14178369767
 30.69738272162	 29.64734629056	 29.13615877809
 35.72008580898	 50.91472060104	 44.23561476724
 28.04344008697	 29.11090842039	 28.16330228486
 28.58924464483	 28.04344008697	 27.77106242954
 28.16330228486	 29.11090842039	 32.01596103582
 27.53782697650	 28.00860731809	 27.77106242954
 30.69738272162	 30.32876451990	 32.57763489566
 29.13615877809	 30.32876451990	 30.69738272162
 31.09692083351	 33.66835378391	 31.97793401492
 31.09572542731	 30.10859605100	 27.14668568535
 47.37962017656	 38.23569288980	 34.08668724274
 52.96241909129	 48.25008612780	 49.77336346892
 32.44912914516	 27.76906866025	 28.86233051788
 26.47048172734	 27.28561954008	 26.36496165776
 29.46991067019	 29.56708773727	 30.25463523000
 26.60320417210	 26.92401091196	 29.31873699450
 29.46991067019	 30.94392979609	 30.37259740863
 30.10859605100	 26.92401091196	 27.14668568535
 26.23703209023	 26.29292161722	 26.13026046626
 32.58210601989	 32.86752546242	 47.65433355840
 31.89449324052	 32.58210601989	 47.75392932345
 32.86752546242	 39.41383036308	 48.74992813739
 31.86565777896	 33.15812271789	 33.54555492501
 34.08668724274	 38.23569288980	 30.64039661212
 28.73480067550	 28.90476815218	 29.23519055454
 30.87172062148	 29.82874506947	 31.86565777896
 26.38888913608	 26.41542570306	 26.23703209023
 27.76906866025	 27.42534183293	 27.83317802925
 29.73854806038	 28.78437825287	 29.23519055454
 48.74992813739	 39.41383036308	 51.10471728236
 29.46991067019	 30.37259740863	 28.77541813179
 36.14745531354	 45.22126253250	 39.41383036308
 31.68037382359	 29.56708773727	 35.79896319664
 47.65433355840	 32.86752546242	 48.74992813739
 30.64039661212	 38.23569288980	 34.73665325928
 26.57930462193	 26.41542570306	 26.38888913608
 27.83317802925	 28.42128434224	 28.77541813179
 34.08668724274	 30.64039661212	 31.92614475897
 30.25100708839	 31.99654421221	 31.92614475897
 47.37962017656	 34.08668724274	 49.82829897721
 27.25343257133	 27.76691794543	 27.41847563074
 38.44701401501	 41.14918592878	 43.06826498888
 30.94392979609	 29.46991067019	 30.25463523000
 26.87383147534	 27.04162445725	 26.66911671608
 29.23519055454	 28.78437825287	 28.73480067550
 29.73854806038	 29.23519055454	 29.58206542612
 28.90476815218	 29.58206542612	 29.23519055454
 29.21240058013	 27.76691794543	 28.40750840746
 26.87383147534	 27.25343257133	 27.04162445725
 27.41847563074	 27.04162445725	 27.25343257133
 30.25100708839	 28.77541813179	 30.37259740863
 26.60320417210	 29.31873699450	 28.80048631669
 27.28561954008	 28.88137170270	 26.78623444831
 28.78437825287	 27.93176444514	 28.73480067550
 26.36496165776	 26.78623444831	 26.38888913608
 28.88137170270	 27.28561954008	 28.78437825287
 29.21240058013	 35.79896319664	 29.56708773727
 27.83317802925	 27.76691794543	 28.42128434224
 29.56708773727	 28.42128434224	 29.21240058013
 27.41847563074	 27.76691794543	 27.83317802925
 32.44912914516	 31.09572542731	 27.76906866025
 31.68037382359	 30.25463523000	 29.56708773727
 30.25100708839	 28.86233051788	 28.77541813179
 28.86233051788	 30.25100708839	 30.64039661212
 30.64039661212	 34.73665325928	 28.86233051788
 26.36496165776	 26.16029638160	 26.47048172734
 45.25713330958	 41.14918592878	 41.60086247105
 45.25713330958	 41.60086247105	 46.47556928989
 34.08668724274	 50.10607109420	 49.82829897721
 31.55554469645	 36.14745531354	 32.86752546242
 36.14745531354	 38.44701401501	 43.06826498888
 30.94392979609	 30.25463523000	 31.51691133757
 27.76691794543	 29.21240058013	 28.42128434224
 46.47556928989	 53.34325439727	 49.77336346892
 53.34325439727	 53.25442740061	 49.77336346892
 49.77336346892	 48.25008612780	 45.25713330958
 48.25008612780	 52.34815981011	 45.22126253250
 31.55554469645	 32.86752546242	 32.58210601989
 27.42534183293	 27.14668568535	 27.04162445725
 26.92401091196	 30.10859605100	 29.31873699450
 26.92401091196	 27.04162445725	 27.14668568535
 26.29292161722	 26.41542570306	 26.51297227543
 26.57930462193	 26.87383147534	 26.66911671608
 27.41847563074	 27.83317802925	 27.42534183293
 26.66911671608	 27.04162445725	 26.92401091196
 28.40750840746	 27.76691794543	 27.25343257133
 29.73854806038	 28.88137170270	 28.78437825287
 28.86233051788	 27.76906866025	 28.77541813179
 28.42128434224	 29.46991067019	 28.77541813179
 29.21240058013	 28.40750840746	 34.02951523603
 41.14918592878	 38.44701401501	 35.79896319664
 41.14918592878	 35.79896319664	 38.36349466663
 41.14918592878	 38.36349466663	 41.60086247105
 27.25343257133	 26.87383147534	 27.76947790971
 26.98718756034	 26.38888913608	 26.78623444831
 45.25713330958	 48.25008612780	 43.06826498888
 27.93176444514	 27.28561954008	 26.47048172734
 27.28561954008	 27.93176444514	 28.78437825287
 48.30396259347	 31.43254979799	 31.89449324052
 35.65408520660	 37.95333476852	 38.36349466663
 27.29307710761	 27.76947790971	 26.87383147534
 28.40750840746	 27.25343257133	 27.76947790971
 26.51297227543	 26.41542570306	 26.60320417210
 27.04162445725	 27.41847563074	 27.42534183293
 26.92401091196	 26.60320417210	 26.66911671608
 34.08668724274	 31.92614475897	 50.10607109420
 30.25100708839	 31.92614475897	 30.64039661212
 30.25100708839	 30.37259740863	 31.99654421221
 26.36496165776	 27.28561954008	 26.78623444831
 27.76947790971	 30.87172062148	 32.27693276549
 35.65408520660	 38.36349466663	 34.02951523603
 31.55554469645	 30.25463523000	 31.68037382359
 32.86752546242	 36.14745531354	 39.41383036308
 32.58210601989	 47.65433355840	 47.75392932345
 30.25463523000	 31.55554469645	 31.51691133757
 31.68037382359	 36.14745531354	 31.55554469645
 30.37259740863	 31.43254979799	 31.99654421221
 31.92614475897	 49.73796872836	 50.10607109420
 39.41383036308	 45.22126253250	 51.10471728236
 36.14745531354	 43.06826498888	 45.22126253250
 45.22126253250	 52.34815981011	 51.10471728236
 28.77541813179	 27.76906866025	 27.83317802925
 37.95333476852	 41.60086247105	 38.36349466663
 46.47556928989	 49.77336346892	 45.25713330958
 31.89449324052	 31.43254979799	 30.94392979609
 30.94392979609	 31.43254979799	 30.37259740863
 52.96241909129	 52.34815981011	 48.25008612780
 53.25442740061	 52.96241909129	 49.77336346892
 26.23703209023	 26.41542570306	 26.29292161722
 26.56034344240	 28.33014018195	 28.00716009900
 28.00716009900	 26.22066202349	 26.56034344240
 28.33014018195	 26.56034344240	 26.51297227543
 26.36496165776	 26.38888913608	 26.23703209023
 26.66911671608	 26.41542570306	 26.57930462193
 26.38888913608	 26.98718756034	 26.57930462193
 32.44912914516	 28.86233051788	 34.73665325928
 26.51297227543	 26.60320417210	 28.80048631669
 33.54555492501	 35.21545935589	 35.65408520660
 28.40750840746	 32.27693276549	 34.02951523603
 37.95333476852	 35.65408520660	 35.21545935589
 30.94392979609	 31.51691133757	 31.89449324052
 26.60320417210	 26.41542570306	 26.66911671608
 31.86565777896	 30.62479319297	 31.61088166863
 30.62479319297	 28.88137170270	 29.73854806038
 31.99654421221	 49.05284917259	 49.73796872836
 49.73796872836	 31.92614475897	 31.99654421221
 47.75392932345	 48.30396259347	 31.89449324052
 31.43254979799	 48.30396259347	 49.05284917259
 26.22066202349	 26.29292161722	 26.56034344240
 26.16029638160	 26.23703209023	 26.13026046626
 28.40750840746	 27.76947790971	 32.27693276549
 32.27693276549	 35.65408520660	 34.02951523603
 35.65408520660	 32.27693276549	 33.54555492501
 33.54555492501	 33.15812271789	 35.21545935589
 31.51691133757	 31.55554469645	 32.58210601989
 31.89449324052	 31.51691133757	 32.58210601989
 27.76906866025	 31.09572542731	 27.14668568535
 38.44701401501	 31.68037382359	 35.79896319664
 35.79896319664	 29.21240058013	 34.02951523603
 31.43254979799	 49.05284917259	 31.99654421221
 43.06826498888	 41.14918592878	 45.25713330958
 48.25008612780	 45.22126253250	 43.06826498888
 30.87172062148	 31.86565777896	 33.54555492501
 30.87172062148	 33.54555492501	 32.27693276549
 31.86565777896	 31.61088166863	 33.15812271789
 30.87172062148	 27.29307710761	 29.82874506947
 26.78623444831	 28.88137170270	 26.98718756034
 27.76947790971	 27.29307710761	 30.87172062148
 31.86565777896	 29.82874506947	 30.62479319297
 31.61088166863	 30.62479319297	 30.44889227133
 27.76906866025	 27.14668568535	 27.42534183293
 26.57930462193	 27.29307710761	 26.87383147534
 26.98718756034	 27.29307710761	 26.57930462193
 26.51297227543	 28.80048631669	 28.33014018195
 30.44889227133	 29.73854806038	 29.58206542612
 29.73854806038	 30.44889227133	 30.62479319297
 26.22066202349	 26.13026046626	 26.29292161722
 26.36496165776	 26.23703209023	 26.16029638160
 28.42128434224	 29.56708773727	 29.46991067019
 29.82874506947	 28.88137170270	 30.62479319297
 28.88137170270	 29.82874506947	 26.98718756034
 34.02951523603	 38.36349466663	 35.79896319664
 27.29307710761	 26.98718756034	 29.82874506947
 26.29292161722	 26.51297227543	 26.56034344240
 36.14745531354	 31.68037382359	 38.44701401501
 26.22844711537	 26.24686994498	 26.19308742337
 26.40735102899	 26.22342561813	 26.34661821064
 26.22532172813	 26.29549391471	 26.62408013442
 28.91839400125	 27.67611617730	 28.73100783751
 26.41977188166	 26.97445656654	 26.58046502843
 27.93176444514	 27.38776102715	 28.73480067550
 28.73480067550	 27.76063057910	 28.90476815218
 26.24021799774	 26.30291925810	 26.21987779300
 28.00716009900	 26.09215308196	 26.22066202349
 26.21990826908	 28.08246624988	 26.36734143529
 26.31071038291	 26.19596841726	 26.18720611496
 26.21987779300	 26.30291925810	 26.29700265223
 26.25413831408	 26.40697890430	 26.22127823747
 27.11010659289	 27.66351416169	 27.42525559228
 26.22844711537	 26.19308742337	 26.29832856832
 26.20359382317	 26.34892639914	 26.31353398596
 27.46404045502	 26.21990826908	 27.67611617730
 27.77066224457	 26.21990826908	 27.46404045502
 27.38776102715	 27.93176444514	 26.47048172734
 28.08246624988	 26.21990826908	 27.77066224457
 26.33456662009	 26.22319833150	 26.55421884966
 27.77066224457	 27.46404045502	 27.12577002162
 26.78344422007	 26.97445656654	 26.41977188166
 26.22532172813	 26.50493866722	 26.25413831408
 26.22127823747	 26.40697890430	 26.34892639914
 26.22127823747	 26.34892639914	 26.20359382317
 26.22532172813	 26.62408013442	 26.50493866722
 27.95197643224	 27.38606703543	 26.55421884966
 26.18720611496	 26.24021799774	 26.21987779300
 27.49788341061	 26.80224540620	 27.21801875630
 26.40697890430	 26.25413831408	 26.50493866722
 26.50466927734	 26.21777802487	 26.25383553916
 26.31071038291	 26.18720611496	 26.29700265223
 26.09215308196	 26.05648242927	 26.22066202349
 26.16029638160	 26.27954319119	 26.47048172734
 27.46404045502	 27.67611617730	 28.91839400125
 27.18109453001	 26.77923058947	 27.42525559228
 26.05648242927	 26.16029638160	 26.13026046626
 26.22066202349	 26.05648242927	 26.13026046626
 27.76063057910	 26.27954319119	 26.09215308196
 26.29549391471	 26.41301856387	 26.77304114631
 26.95544205904	 26.77304114631	 26.41301856387
 27.67611617730	 26.33456662009	 27.38606703543
 26.62847522385	 26.29905286854	 26.21777802487
 26.33456662009	 27.67611617730	 26.21990826908
 26.77304114631	 26.62408013442	 26.29549391471
 26.77923058947	 27.11010659289	 27.42525559228
 26.22319833150	 26.10823556313	 26.20975403135
 26.22342561813	 26.40735102899	 26.25383553916
 26.34661821064	 26.19596841726	 26.31071038291
 27.76063057910	 27.71076825680	 27.66351416169
 26.09215308196	 27.71076825680	 27.76063057910
 26.41301856387	 26.56778622714	 26.95544205904
 26.22342561813	 26.19596841726	 26.34661821064
 27.49788341061	 27.77066224457	 27.12577002162
 26.56778622714	 26.77923058947	 27.18109453001
 27.18109453001	 26.95544205904	 26.56778622714
 26.78344422007	 26.41977188166	 26.29905286854
 26.50466927734	 26.25383553916	 26.40735102899
 26.97445656654	 27.21801875630	 26.58046502843
 26.62847522385	 26.78344422007	 26.29905286854
 26.21777802487	 26.50466927734	 26.62847522385
 27.42525559228	 27.66351416169	 27.71076825680
 26.58046502843	 27.21801875630	 26.80224540620
 28.73100783751	 27.38606703543	 27.95197643224
 26.36734143529	 26.20975403135	 26.10823556313
 26.30487284511	 26.22844711537	 26.29832856832
 26.24686994498	 26.22844711537	 26.30487284511
 26.21990826908	 26.36734143529	 26.10823556313
 27.38606703543	 26.33456662009	 26.55421884966
 27.67611617730	 27.38606703543	 28.73100783751
 26.33456662009	 26.21990826908	 26.10823556313
 26.33456662009	 26.10823556313	 26.22319833150
 27.12577002162	 26.80224540620	 27.49788341061
 26.09215308196	 26.27954319119	 26.05648242927
 26.18720611496	 26.21987779300	 26.29700265223
 26.16029638160	 26.05648242927	 26.27954319119
 27.76063057910	 28.73480067550	 27.38776102715
 27.71076825680	 26.09215308196	 28.00716009900
 27.76063057910	 27.66351416169	 28.90476815218
 26.27954319119	 27.38776102715	 26.47048172734
 26.27954319119	 27.76063057910	 27.38776102715
 26.31353398596	 26.19308742337	 26.20359382317
 26.29832856832	 26.19308742337	 26.31353398596
 25.35229098386	 25.35940734465	 25.30343422145
 26.85016385549	 26.68166638677	 26.64537069679
 26.32193852229	 26.05709929305	 26.11678656866
 26.02568451379	 26.04395375867	 26.08556456254
 26.04395375867	 26.04240889985	 26.10672858204
 26.30379866840	 26.29832856832	 26.30641307996
 25.33842530013	 25.39827570043	 25.36887193472
 26.11053925507	 26.26565227980	 26.19519250319
 25.80668472206	 25.84418284603	 25.69135523914
 25.80141908668	 25.68739363003	 25.68776247865
 26.46161567825	 26.40735102899	 26.37185910534
 26.29290120974	 26.28814332005	 26.26281844017
 28.08246624988	 27.77066224457	 27.70432432485
 26.06588415502	 26.09190417208	 26.14652275162
 48.75856045928	 48.98763587409	 45.66828838278
 26.22195085269	 26.19179431487	 26.15437902426
 25.37467932085	 25.35229098386	 25.30343422145
 36.55740488639	 38.23569288980	 40.82647792240
 26.51441750911	 26.34658011220	 26.32165279661
 45.66828838278	 48.98763587409	 45.69641175762
 25.35539098669	 25.30813479628	 25.29659895449
 25.30343422145	 25.35940734465	 25.32452112745
 26.19118465568	 26.25946470546	 26.10511136012
 26.06228846989	 25.99165998209	 26.07832599900
 25.74382918490	 25.81067418190	 25.68776247865
 26.19519250319	 26.10672858204	 26.04240889985
 26.66919302692	 26.64076260853	 26.52595988101
 26.65586784028	 26.66910067501	 26.51441750911
 26.09256998241	 26.06228846989	 26.20412681105
 31.48706566018	 29.48553780076	 29.74188910736
 26.71809252302	 26.77304114631	 26.88385112708
 25.52912466696	 25.30813479628	 25.35539098669
 25.96598478586	 25.88422737028	 25.96647208313
 26.36428717234	 26.19118465568	 26.20412681105
 26.07838102465	 26.28344235627	 26.31147712812
 26.11678656866	 25.94318372545	 25.91447360223
 26.20817211766	 26.15437902426	 26.14652275162
 26.32193852229	 26.30117080411	 26.49669273179
 25.57946376758	 25.32452112745	 25.45614043220
 26.04240889985	 26.11053925507	 26.19519250319
 26.23326439233	 26.01292914115	 26.26999630617
 26.51266479616	 26.66919302692	 26.52595988101
 27.16772980444	 27.12466785173	 27.58381097047
 27.38146606036	 28.02031311541	 27.12466785173
 25.35229098386	 25.37467932085	 25.37854291990
 25.40344060145	 25.37467932085	 25.30343422145
 25.30813479628	 25.33842530013	 25.29659895449
 26.31147712812	 26.30591816714	 26.13435031367
 26.91023045248	 27.05675599744	 27.25129349886
 26.13621431837	 26.13435031367	 26.30591816714
 25.88564531503	 25.83664916063	 25.74604322502
 28.21316443236	 27.69195026304	 27.58381097047
 25.51877033894	 25.68776247865	 25.52912466696
 26.05709929305	 26.07838102465	 25.97647976593
 26.46161567825	 26.58283078535	 26.50466927734
 26.67937939291	 26.52606037460	 26.68166638677
 27.37286336881	 27.29566914867	 27.42525559228
 26.43876396354	 26.30591816714	 26.49092972671
 26.07669239366	 26.01292914115	 25.97130948686
 26.01292914115	 26.13741272531	 25.97130948686
 36.79329954506	 34.30963625159	 40.83596292636
 26.19947998128	 26.05886041520	 25.99165998209
 25.68739363003	 25.54474112027	 25.52912466696
 25.68739363003	 25.52912466696	 25.68776247865
 27.70432432485	 28.15232828375	 28.53275407496
 32.63704889312	 30.93355567532	 35.64503441468
 26.19947998128	 25.99165998209	 26.19179431487
 25.53156070341	 25.36559596165	 25.32452112745
 26.62689242027	 26.50193482136	 26.49111645120
 26.46572708241	 26.58094009526	 26.49111645120
 26.84186877151	 26.83610736122	 27.01684355034
 26.99636796171	 27.15206980392	 27.16068512553
 26.02528537386	 26.02995763733	 26.09256998241
 25.35539098669	 25.51105360425	 25.51877033894
 25.39969585061	 25.29659895449	 25.36114542048
 26.02995763733	 26.02528537386	 26.05844184739
 26.06228846989	 26.06588415502	 25.99165998209
 26.09190417208	 26.06588415502	 26.02995763733
 26.09190417208	 26.02995763733	 26.05844184739
 26.62959627734	 26.49374446146	 26.66011635867
 26.30221256048	 26.30468762327	 26.29700265223
 48.75856045928	 51.38399992663	 51.27871126915
 38.11006112949	 42.93389495839	 44.10234446309
 48.23238335663	 51.27929496155	 51.47499276519
 25.51877033894	 25.52912466696	 25.35539098669
 26.01779620258	 26.02528537386	 25.96647208313
 26.26647239899	 26.31110149423	 26.38318745612
 26.02995763733	 26.06588415502	 26.06228846989
 26.19947998128	 26.26647239899	 26.05886041520
 26.29459566707	 26.30379866840	 26.30641307996
 26.27300050868	 26.19179431487	 26.26311082234
 26.30221256048	 26.30291925810	 26.30394995983
 40.82647792240	 45.40569912106	 38.76877575203
 26.52606037460	 26.35129402201	 26.36930799031
 25.84418284603	 25.72536572214	 25.69135523914
 25.36392193683	 25.38208659606	 25.36961433259
 26.07669239366	 26.30586731348	 26.01292914115
 26.66011635867	 26.51577677999	 26.67937939291
 29.83952319668	 30.93355567532	 28.43635376989
 27.01528789726	 27.12228786288	 27.16772980444
 28.43635376989	 29.14107074576	 28.02031311541
 28.21316443236	 30.38682008927	 28.69473235065
 27.37811154675	 27.58381097047	 27.69195026304
 26.53354698895	 26.64537069679	 26.68166638677
 27.55838262960	 28.08204095973	 27.93604107446
 26.62689242027	 26.58094009526	 26.71809252302
 25.51346024148	 25.36559596165	 25.52783986560
 27.59617025155	 27.68177036020	 28.08204095973
 25.72536572214	 25.57946376758	 25.69135523914
 25.96331862359	 25.79146961440	 25.84418284603
 26.26565227980	 26.43876396354	 26.36930799031
 27.02943184900	 27.03973200216	 26.85016385549
 26.65586784028	 26.62689242027	 26.77944978549
 26.34658011220	 26.07832599900	 26.32165279661
 27.01684355034	 27.16068512553	 27.12228786288
 26.32125636704	 26.31110149423	 26.27300050868
 31.48706566018	 32.46131340399	 30.99708397269
 26.31353398596	 26.32125636704	 26.30641307996
 31.48706566018	 29.74188910736	 32.78369761783
 30.93355567532	 33.37432955708	 35.64503441468
 25.80668472206	 25.69135523914	 25.68739363003
 29.14107074576	 30.93355567532	 32.63704889312
 51.46104348685	 48.98763587409	 51.27871126915
 32.78369761783	 32.98459236905	 36.79329954506
 31.48706566018	 34.53419012338	 32.46131340399
 26.30379866840	 26.29459566707	 26.30546976332
 46.79482175112	 43.80244977324	 49.14918716393
 26.11053925507	 25.97309686217	 25.97070893310
 26.26565227980	 26.11053925507	 26.13621431837
 26.36930799031	 26.19519250319	 26.26565227980
 26.02995763733	 26.06228846989	 26.09256998241
 26.14514028658	 26.13080693377	 26.20528925226
 26.36930799031	 26.20430825555	 26.19519250319
 26.29700265223	 26.30291925810	 26.30221256048
 26.28814332005	 26.29290120974	 26.30394995983
 26.06760645824	 26.07835214875	 26.10672858204
 26.04193079806	 25.96647208313	 26.02528537386
 26.07838102465	 26.29216651167	 26.28344235627
 26.82005100757	 26.73692519768	 26.56133258667
 25.97647976593	 25.96331862359	 25.84418284603
 27.12466785173	 27.16772980444	 27.12228786288
 25.79146961440	 25.96331862359	 25.95878253185
 26.26565227980	 26.13621431837	 26.30591816714
 26.20430825555	 26.06760645824	 26.10672858204
 26.06760645824	 26.20430825555	 26.07669239366
 25.68776247865	 25.51877033894	 25.74382918490
 25.51105360425	 25.67898574166	 25.51877033894
 44.10234446309	 40.83596292636	 38.11006112949
 26.51441750911	 26.66910067501	 26.51266479616
 26.71809252302	 26.77944978549	 26.62689242027
 26.26311082234	 26.22195085269	 26.25846781480
 50.97102658115	 50.30631823254	 46.72023615411
 34.53419012338	 31.48706566018	 32.78369761783
 25.38208659606	 25.40811220241	 25.36961433259
 25.40811220241	 25.39827570043	 25.45614043220
 26.62408013442	 26.71809252302	 26.58094009526
 26.38318745612	 26.46572708241	 26.49111645120
 48.23238335663	 51.47499276519	 48.49676451715
 26.19118465568	 26.10511136012	 26.04193079806
 26.07832599900	 26.34658011220	 26.20412681105
 26.27300050868	 26.19947998128	 26.19179431487
 26.04395375867	 26.10672858204	 26.07835214875
 26.02568451379	 25.97410051305	 26.04395375867
 25.30343422145	 25.32452112745	 25.36559596165
 26.07669239366	 26.20430825555	 26.35129402201
 26.06760645824	 26.07669239366	 25.97130948686
 26.85261965302	 26.85016385549	 27.03973200216
 25.36961433259	 25.35229098386	 25.36392193683
 26.29290120974	 26.28314415925	 26.30468762327
 26.51577677999	 26.35129402201	 26.52606037460
 26.72582490856	 26.62847522385	 26.58283078535
 27.77066224457	 27.51023317148	 27.70432432485
 29.48553780076	 28.15232828375	 29.74188910736
 28.69473235065	 27.69195026304	 28.21316443236
 28.69473235065	 27.68177036020	 27.69195026304
 25.68947497485	 25.72536572214	 25.79146961440
 25.57946376758	 25.72536572214	 25.68947497485
 26.30586731348	 26.07669239366	 26.35129402201
 26.50193482136	 26.32415275536	 26.49111645120
 28.06209146985	 27.23061994349	 27.57975049739
 26.58094009526	 26.62689242027	 26.49111645120
 26.32415275536	 26.38318745612	 26.49111645120
 26.74233311923	 26.55056733720	 26.52998720733
 25.97647976593	 26.07838102465	 25.96331862359
 25.94318372545	 25.97647976593	 25.84418284603
 29.31873699450	 30.10859605100	 29.42663275722
 25.35229098386	 25.36961433259	 25.35940734465
 25.68739363003	 25.69135523914	 25.54474112027
 42.00581770972	 43.80244977324	 37.80311500806
 37.80311500806	 43.80244977324	 40.35784411857
 28.53275407496	 29.48553780076	 28.85458777934
 51.27929496155	 48.23238335663	 50.62900245828
 34.30963625159	 32.63704889312	 38.11006112949
 40.83596292636	 34.30963625159	 38.11006112949
 42.00581770972	 36.79329954506	 40.83596292636
 42.93389495839	 38.11006112949	 35.64503441468
 48.49676451715	 51.47499276519	 51.53070089326
 38.11006112949	 32.63704889312	 35.64503441468
 48.75856045928	 48.49676451715	 51.31935762089
 26.07838102465	 26.13435031367	 25.96331862359
 25.97070893310	 25.76685370873	 25.95878253185
 25.74604322502	 25.68424547643	 25.80758229475
 25.95878253185	 25.96331862359	 26.13435031367
 26.55056733720	 26.31147712812	 26.28344235627
 26.49092972671	 26.30591816714	 26.31147712812
 26.53354698895	 26.43876396354	 26.64537069679
 26.29216651167	 26.05709929305	 26.32193852229
 27.16772980444	 27.24943674460	 27.03474589453
 27.16068512553	 27.01684355034	 26.99636796171
 26.35129402201	 26.20430825555	 26.36930799031
 26.83356715039	 26.85016385549	 26.64537069679
 26.23326439233	 26.30481449853	 26.24533873842
 25.97309686217	 25.80758229475	 25.97070893310
 26.30586731348	 26.26999630617	 26.01292914115
 25.67898574166	 25.74382918490	 25.51877033894
 27.08396605131	 27.15206980392	 26.95612410209
 26.71809252302	 26.88385112708	 26.77944978549
 26.06588415502	 26.14652275162	 26.15437902426
 26.26311082234	 26.29121229676	 26.29459566707
 25.38491404460	 25.39827570043	 25.40811220241
 25.38491404460	 25.40811220241	 25.38208659606
 25.39827570043	 25.33842530013	 25.30813479628
 25.35940734465	 25.36961433259	 25.40811220241
 29.35689181136	 29.48553780076	 30.12037632148
 26.25846781480	 26.22195085269	 26.20817211766
 26.29216651167	 26.32193852229	 26.56133258667
 26.20430825555	 26.10672858204	 26.19519250319
 26.24533873842	 26.30481449853	 26.28314415925
 26.51441750911	 26.50193482136	 26.65586784028
 26.34658011220	 26.51441750911	 26.51266479616
 28.06209146985	 28.43635376989	 27.38146606036
 30.72181411287	 30.16860926512	 28.57763993998
 27.27668408038	 27.59617025155	 27.27973304087
 27.19209438791	 27.55838262960	 27.18066640394
 26.28344235627	 26.52998720733	 26.55056733720
 28.15232828375	 28.32357021782	 29.74188910736
 26.32165279661	 26.05886041520	 26.32415275536
 42.00581770972	 40.83596292636	 45.69641175762
 30.38682008927	 32.63704889312	 34.30963625159
 42.93389495839	 48.23238335663	 48.49676451715
 45.40569912106	 50.62900245828	 48.23238335663
 45.40569912106	 48.23238335663	 42.93389495839
 44.10234446309	 42.93389495839	 48.49676451715
 45.69641175762	 40.83596292636	 45.66828838278
 32.98459236905	 30.72181411287	 34.30963625159
 25.30813479628	 25.52912466696	 25.54474112027
 26.11053925507	 25.97070893310	 26.13621431837
 25.76685370873	 25.79146961440	 25.95878253185
 25.97070893310	 25.80758229475	 25.76685370873
 26.04240889985	 25.97309686217	 26.11053925507
 27.01664444803	 26.81220797220	 26.74233311923
 26.67502793885	 26.81220797220	 26.83356715039
 26.78344422007	 26.72582490856	 26.89819218484
 27.03923484466	 26.83356715039	 26.81220797220
 26.64537069679	 26.67502793885	 26.83356715039
 26.49092972671	 26.67502793885	 26.64537069679
 26.66919302692	 26.84186877151	 26.64076260853
 25.40811220241	 25.45614043220	 25.35940734465
 25.76685370873	 25.68424547643	 25.68947497485
 25.80668472206	 25.68739363003	 25.80141908668
 27.42525559228	 27.29566914867	 27.18109453001
 26.95544205904	 27.08396605131	 26.88385112708
 26.15437902426	 26.20817211766	 26.22195085269
 26.30379866840	 26.30546976332	 26.30487284511
 51.41299012656	 48.98763587409	 51.46104348685
 45.66828838278	 40.83596292636	 44.10234446309
 25.35072415819	 25.33842530013	 25.36887193472
 25.36887193472	 25.39827570043	 25.38491404460
 25.72536572214	 25.84418284603	 25.79146961440
 25.37140292479	 25.34301893260	 25.35072415819
 25.35539098669	 25.39969585061	 25.51105360425
 25.99165998209	 26.06588415502	 26.15437902426
 26.31110149423	 26.19947998128	 26.27300050868
 26.05886041520	 26.32165279661	 26.07832599900
 26.26281844017	 26.28814332005	 26.25507241715
 25.69135523914	 25.57946376758	 25.54474112027
 29.14107074576	 30.38682008927	 28.21316443236
 27.16772980444	 27.58381097047	 27.24943674460
 26.83726562477	 27.01528789726	 27.03474589453
 28.00716009900	 27.57975049739	 27.71076825680
 27.71076825680	 27.37286336881	 27.42525559228
 26.83356715039	 27.02943184900	 26.85016385549
 27.08396605131	 26.95612410209	 26.88385112708
 26.95612410209	 26.77944978549	 26.88385112708
 30.38682008927	 30.72181411287	 28.69473235065
 26.71809252302	 26.62408013442	 26.77304114631
 26.34892639914	 26.32125636704	 26.31353398596
 26.19947998128	 26.31110149423	 26.26647239899
 26.97525811824	 27.01835734608	 27.18923483295
 30.99708397269	 30.12037632148	 31.48706566018
 29.48553780076	 31.48706566018	 30.12037632148
 30.10859605100	 31.18533326646	 29.42663275722
 47.37962017656	 49.67981293177	 45.40569912106
 45.40569912106	 49.67981293177	 50.62900245828
 48.75856045928	 44.10234446309	 48.49676451715
 51.31935762089	 48.49676451715	 51.53070089326
 51.38399992663	 48.75856045928	 51.31935762089
 27.35984202976	 27.34536112340	 27.22023138938
 26.43876396354	 26.26565227980	 26.30591816714
 26.25946470546	 26.30117080411	 26.12262835933
 26.07832599900	 26.20412681105	 26.06228846989
 25.68947497485	 25.53156070341	 25.57946376758
 25.36559596165	 25.53156070341	 25.52783986560
 26.29121229676	 26.30546976332	 26.29459566707
 27.34536112340	 27.20607398115	 27.22023138938
 27.03923484466	 27.01664444803	 27.27973304087
 27.02943184900	 27.03923484466	 27.19209438791
 28.08204095973	 27.68177036020	 28.69473235065
 27.01664444803	 27.27668408038	 27.27973304087
 25.94318372545	 25.84418284603	 25.80668472206
 25.67898574166	 25.83577540088	 25.74382918490
 25.96598478586	 25.96647208313	 26.04193079806
 27.70432432485	 27.35984202976	 28.15232828375
 26.83610736122	 26.81627791723	 26.99636796171
 26.26311082234	 26.29459566707	 26.27300050868
 26.19179431487	 26.22195085269	 26.26311082234
 26.25846781480	 26.29121229676	 26.26311082234
 25.53156070341	 25.68424547643	 25.52783986560
 27.12466785173	 27.12228786288	 27.11259964021
 27.26426865969	 27.29566914867	 27.37286336881
 27.59617025155	 27.55838262960	 27.27973304087
 27.27973304087	 27.19209438791	 27.03923484466
 27.18923483295	 27.20607398115	 27.34536112340
 26.81627791723	 26.77944978549	 26.95612410209
 26.19118465568	 26.09256998241	 26.20412681105
 26.83610736122	 26.84186877151	 26.66919302692
 28.32357021782	 27.44959595943	 27.93604107446
 27.08396605131	 27.18109453001	 27.29566914867
 27.15206980392	 27.08396605131	 27.29566914867
 29.48553780076	 28.53275407496	 28.15232828375
 28.08246624988	 28.53275407496	 28.41880243763
 28.85458777934	 28.41880243763	 28.53275407496
 29.83952319668	 29.42663275722	 31.18533326646
 40.82647792240	 47.37962017656	 45.40569912106
 42.93389495839	 35.64503441468	 38.76877575203
 33.37432955708	 38.76877575203	 35.64503441468
 25.39827570043	 25.30813479628	 25.45614043220
 26.68161239929	 26.56133258667	 26.49669273179
 25.96598478586	 25.96404925328	 25.81067418190
 25.91447360223	 25.80141908668	 25.96404925328
 25.68776247865	 25.81067418190	 25.80141908668
 26.12262835933	 25.91447360223	 25.96404925328
 26.49669273179	 26.64076260853	 26.68161239929
 26.05709929305	 25.97647976593	 25.94318372545
 26.84186877151	 26.83726562477	 26.64076260853
 25.80668472206	 25.91447360223	 25.94318372545
 26.10511136012	 26.25946470546	 26.12262835933
 26.51266479616	 26.52595988101	 26.36428717234
 26.25946470546	 26.43256876260	 26.30117080411
 26.30586731348	 26.51577677999	 26.49374446146
 26.30487284511	 26.29832856832	 26.30379866840
 26.68161239929	 26.83726562477	 26.82005100757
 26.91023045248	 27.01664444803	 26.74233311923
 26.12262835933	 26.11678656866	 25.91447360223
 26.12262835933	 26.30117080411	 26.11678656866
 25.83664916063	 25.88564531503	 25.94863001740
 26.32193852229	 26.49669273179	 26.56133258667
 34.73665325928	 38.23569288980	 36.55740488639
 29.83952319668	 28.06209146985	 29.42663275722
 26.30641307996	 26.27300050868	 26.29459566707
 26.29832856832	 26.31353398596	 26.30641307996
 26.04193079806	 26.02528537386	 26.09256998241
 26.15437902426	 26.19179431487	 25.99165998209
 25.32452112745	 25.57946376758	 25.53156070341
 25.97410051305	 25.97309686217	 26.04240889985
 34.30963625159	 30.72181411287	 30.38682008927
 28.21316443236	 27.58381097047	 28.02031311541
 29.14107074576	 32.63704889312	 30.38682008927
 32.98459236905	 32.78369761783	 30.16860926512
 32.78369761783	 29.74188910736	 30.16860926512
 29.83952319668	 28.43635376989	 28.06209146985
 28.08204095973	 28.69473235065	 28.57763993998
 27.27668408038	 27.68177036020	 27.59617025155
 26.81220797220	 27.01664444803	 27.03923484466
 26.53354698895	 26.68166638677	 26.52606037460
 25.30343422145	 25.36559596165	 25.40344060145
 27.57975049739	 27.37286336881	 27.71076825680
 27.12466785173	 27.11259964021	 27.38146606036
 26.37185910534	 26.40735102899	 26.34661821064
 27.57975049739	 28.42758694552	 28.06209146985
 31.18533326646	 30.10859605100	 31.09572542731
 26.02528537386	 26.01779620258	 26.05844184739
 25.88422737028	 25.74382918490	 25.83577540088
 25.74382918490	 25.88422737028	 25.81067418190
 27.16068512553	 27.11259964021	 27.12228786288
 27.29566914867	 27.26426865969	 27.15206980392
 27.70432432485	 27.51023317148	 27.35984202976
 28.15232828375	 27.35984202976	 27.44959595943
 27.16068512553	 27.15206980392	 27.26426865969
 30.72181411287	 32.98459236905	 30.16860926512
 28.57763993998	 28.32357021782	 27.93604107446
 30.16860926512	 29.74188910736	 28.32357021782
 28.57763993998	 30.16860926512	 28.32357021782
 29.42663275722	 28.42758694552	 28.80048631669
 33.27886405748	 31.18533326646	 31.09572542731
 29.42663275722	 28.80048631669	 29.31873699450
 25.96404925328	 26.10511136012	 26.12262835933
 26.68166638677	 26.85261965302	 26.67937939291
 42.00581770972	 46.72023615411	 43.80244977324
 34.30963625159	 36.79329954506	 32.98459236905
 25.36114542048	 25.29659895449	 25.34301893260
 25.34301893260	 25.29659895449	 25.33842530013
 25.34301893260	 25.37140292479	 25.36114542048
 26.81220797220	 26.67502793885	 26.55056733720
 27.35188880438	 27.51023317148	 27.49788341061
 27.03923484466	 27.02943184900	 26.83356715039
 26.30117080411	 26.43256876260	 26.49669273179
 25.96598478586	 26.04193079806	 26.10511136012
 26.73692519768	 26.52998720733	 26.56133258667
 26.32415275536	 26.05886041520	 26.26647239899
 26.50193482136	 26.32165279661	 26.32415275536
 25.53156070341	 25.68947497485	 25.68424547643
 33.27886405748	 33.37432955708	 31.18533326646
 26.29290120974	 26.26281844017	 26.28314415925
 26.37185910534	 26.34661821064	 26.31944133083
 26.36244678081	 26.30481449853	 26.23326439233
 25.97130948686	 26.13741272531	 26.13080693377
 26.13741272531	 26.24533873842	 26.21256999202
 26.37815056146	 26.34892639914	 26.40697890430
 26.34892639914	 26.37815056146	 26.32125636704
 26.07832599900	 25.99165998209	 26.05886041520
 26.26281844017	 26.25507241715	 26.21256999202
 26.29290120974	 26.30221256048	 26.30394995983
 26.40697890430	 26.50493866722	 26.46572708241
 26.28314415925	 26.31944133083	 26.30468762327
 26.31071038291	 26.31944133083	 26.34661821064
 26.37815056146	 26.40697890430	 26.46572708241
 27.01684355034	 27.12228786288	 27.01528789726
 26.95612410209	 26.99636796171	 26.81627791723
 27.08396605131	 26.95544205904	 27.18109453001
 26.77304114631	 26.95544205904	 26.88385112708
 37.80311500806	 34.53419012338	 32.78369761783
 32.78369761783	 36.79329954506	 37.80311500806
 29.83952319668	 33.37432955708	 30.93355567532
 26.43256876260	 26.25946470546	 26.36428717234
 26.43256876260	 26.36428717234	 26.52595988101
 26.19118465568	 26.36428717234	 26.25946470546
 27.27668408038	 27.01664444803	 26.91023045248
 27.58381097047	 27.37811154675	 27.24943674460
 26.82005100757	 26.83726562477	 27.03474589453
 27.05675599744	 27.37811154675	 27.25129349886
 26.97525811824	 27.18923483295	 27.10970267617
 26.30468762327	 26.31944133083	 26.31071038291
 26.36244678081	 26.37185910534	 26.30481449853
 26.13741272531	 26.21256999202	 26.13080693377
 26.13080693377	 26.21256999202	 26.20528925226
 28.42758694552	 28.33014018195	 28.80048631669
 26.11028450445	 26.06286106922	 26.14514028658
 27.25129349886	 27.37811154675	 27.69195026304
 27.12466785173	 28.02031311541	 27.58381097047
 26.48085677533	 26.36244678081	 26.26999630617
 26.99636796171	 27.01684355034	 26.83610736122
 26.73692519768	 27.05675599744	 26.91023045248
 29.35689181136	 28.85458777934	 29.48553780076
 34.53419012338	 37.80311500806	 36.89917326391
 26.68161239929	 26.64076260853	 26.83726562477
 27.05675599744	 26.82005100757	 27.03474589453
 27.24943674460	 27.37811154675	 27.05675599744
 26.56133258667	 26.68161239929	 26.82005100757
 26.28344235627	 26.29216651167	 26.52998720733
 28.08204095973	 28.57763993998	 27.93604107446
 27.68177036020	 27.27668408038	 27.25129349886
 26.65586784028	 26.50193482136	 26.62689242027
 37.80311500806	 36.79329954506	 42.00581770972
 26.06286106922	 26.11028450445	 26.07835214875
 26.50493866722	 26.62408013442	 26.58094009526
 27.57975049739	 28.00716009900	 28.42758694552
 25.96598478586	 25.81067418190	 25.88422737028
 25.97309686217	 25.88564531503	 25.80758229475
 25.76685370873	 25.80758229475	 25.68424547643
 25.97130948686	 26.06286106922	 26.06760645824
 27.03474589453	 27.01528789726	 27.16772980444
 27.01528789726	 26.83726562477	 26.84186877151
 27.23061994349	 27.38146606036	 27.11259964021
 27.10970267617	 27.18923483295	 27.35188880438
 27.77066224457	 27.49788341061	 27.51023317148
 26.62959627734	 26.48085677533	 26.49374446146
 27.70432432485	 28.53275407496	 28.08246624988
 28.42758694552	 28.00716009900	 28.33014018195
 26.51266479616	 26.36428717234	 26.34658011220
 25.95878253185	 26.13621431837	 25.97070893310
 26.36930799031	 26.43876396354	 26.53354698895
 26.66910067501	 26.65586784028	 26.81627791723
 26.77944978549	 26.81627791723	 26.65586784028
 26.66910067501	 26.66919302692	 26.51266479616
 26.26647239899	 26.38318745612	 26.32415275536
 26.48085677533	 26.58283078535	 26.46161567825
 26.46161567825	 26.37185910534	 26.36244678081
 26.06760645824	 26.06286106922	 26.07835214875
 26.07835214875	 26.11028450445	 26.08556456254
 25.83577540088	 25.94351949483	 25.88422737028
 25.94351949483	 25.96647208313	 25.88422737028
 26.30586731348	 26.49374446146	 26.26999630617
 26.46161567825	 26.50466927734	 26.40735102899
 26.66910067501	 26.83610736122	 26.66919302692
 27.35188880438	 27.21801875630	 27.10970267617
 27.26426865969	 27.11259964021	 27.16068512553
 29.14107074576	 28.21316443236	 28.02031311541
 46.72023615411	 50.30631823254	 49.14918716393
 26.36428717234	 26.20412681105	 26.34658011220
 26.31147712812	 26.55056733720	 26.49092972671
 26.81220797220	 26.55056733720	 26.74233311923
 28.57763993998	 28.69473235065	 30.72181411287
 26.95612410209	 27.15206980392	 26.99636796171
 26.32165279661	 26.50193482136	 26.51441750911
 26.62959627734	 26.58283078535	 26.48085677533
 26.46161567825	 26.36244678081	 26.48085677533
 26.04395375867	 26.07835214875	 26.08556456254
 40.35784411857	 46.79482175112	 37.74582910637
 34.35876940159	 36.89917326391	 37.74582910637
 40.35784411857	 36.89917326391	 37.80311500806
 36.89917326391	 40.35784411857	 37.74582910637
 25.29659895449	 25.39969585061	 25.35539098669
 27.02943184900	 27.19209438791	 27.17028443706
 27.27973304087	 27.55838262960	 27.19209438791
 26.30117080411	 26.32193852229	 26.11678656866
 38.76877575203	 45.40569912106	 42.93389495839
 27.44959595943	 27.22023138938	 27.18066640394
 26.58283078535	 26.62847522385	 26.50466927734
 32.44912914516	 33.27886405748	 31.09572542731
 33.27886405748	 36.55740488639	 33.37432955708
 28.08204095973	 27.55838262960	 27.59617025155
 26.46572708241	 26.50493866722	 26.58094009526
 25.45614043220	 25.32452112745	 25.35940734465
 25.54474112027	 25.57946376758	 25.45614043220
 25.54474112027	 25.45614043220	 25.30813479628
 26.67937939291	 26.82866966770	 26.66011635867
 26.62959627734	 26.78940820840	 26.72582490856
 26.26999630617	 26.49374446146	 26.48085677533
 25.52783986560	 25.67920511194	 25.51346024148
 25.97410051305	 25.94863001740	 25.88564531503
 40.35784411857	 43.80244977324	 46.79482175112
 27.10970267617	 27.21801875630	 26.97445656654
 26.89819218484	 27.10970267617	 26.97445656654
 26.84186877151	 27.01684355034	 27.01528789726
 27.03474589453	 27.24943674460	 27.05675599744
 27.17028443706	 27.20607398115	 27.03973200216
 26.72582490856	 26.58283078535	 26.62959627734
 45.69641175762	 49.07964230969	 46.72023615411
 46.72023615411	 42.00581770972	 45.69641175762
 43.80244977324	 46.72023615411	 49.14918716393
 48.98763587409	 51.41299012656	 49.07964230969
 45.69641175762	 48.98763587409	 49.07964230969
 49.07964230969	 50.97102658115	 46.72023615411
 26.52998720733	 26.29216651167	 26.56133258667
 26.05709929305	 26.29216651167	 26.07838102465
 26.64076260853	 26.49669273179	 26.43256876260
 26.26999630617	 26.36244678081	 26.23326439233
 27.34536112340	 27.35188880438	 27.18923483295
 38.76877575203	 36.55740488639	 40.82647792240
 26.13080693377	 26.06286106922	 25.97130948686
 27.25129349886	 27.69195026304	 27.68177036020
 34.53419012338	 34.35876940159	 32.46131340399
 34.53419012338	 36.89917326391	 34.35876940159
 26.85261965302	 27.01835734608	 26.82866966770
 26.82866966770	 27.01835734608	 26.97525811824
 25.52783986560	 25.68424547643	 25.74604322502
 25.40344060145	 25.36559596165	 25.51346024148
 25.74604322502	 25.67920511194	 25.52783986560
 25.83664916063	 25.67920511194	 25.74604322502
 27.27668408038	 26.91023045248	 27.25129349886
 26.24533873842	 26.13741272531	 26.23326439233
 26.26281844017	 26.21256999202	 26.24533873842
 26.51577677999	 26.30586731348	 26.35129402201
 26.67937939291	 26.51577677999	 26.52606037460
 26.49374446146	 26.51577677999	 26.66011635867
 26.66011635867	 26.82866966770	 26.78940820840
 27.03973200216	 27.02943184900	 27.17028443706
 26.14514028658	 26.06286106922	 26.13080693377
 26.25507241715	 26.20528925226	 26.21256999202
 26.62959627734	 26.66011635867	 26.78940820840
 26.43256876260	 26.52595988101	 26.64076260853
 26.78940820840	 26.82866966770	 26.97525811824
 26.49092972671	 26.64537069679	 26.43876396354
 26.67502793885	 26.49092972671	 26.55056733720
 26.91023045248	 26.74233311923	 26.73692519768
 26.85261965302	 26.82866966770	 26.67937939291
 26.28314415925	 26.26281844017	 26.24533873842
 40.82647792240	 38.23569288980	 47.37962017656
 26.85016385549	 26.85261965302	 26.68166638677
 26.31110149423	 26.37815056146	 26.38318745612
 26.46572708241	 26.38318745612	 26.37815056146
 51.41299012656	 51.40075549170	 49.07964230969
 51.40075549170	 50.97102658115	 49.07964230969
 27.26426865969	 27.23061994349	 27.11259964021
 27.01835734608	 26.85261965302	 27.03973200216
 27.03973200216	 27.20607398115	 27.01835734608
 27.18066640394	 27.17028443706	 27.19209438791
 27.01835734608	 27.20607398115	 27.18923483295
 26.31944133083	 26.30481449853	 26.37185910534
 27.17028443706	 27.22023138938	 27.20607398115
 27.44959595943	 27.35984202976	 27.22023138938
 25.94351949483	 26.01779620258	 25.96647208313
 26.31071038291	 26.29700265223	 26.30468762327
 26.97445656654	 26.78344422007	 26.89819218484
 26.78344422007	 26.62847522385	 26.72582490856
 25.94863001740	 25.97410051305	 26.02568451379
 25.88564531503	 25.97309686217	 25.97410051305
 29.14107074576	 28.43635376989	 30.93355567532
 28.15232828375	 27.44959595943	 28.32357021782
 27.44959595943	 27.18066640394	 27.93604107446
 27.17028443706	 27.18066640394	 27.22023138938
 27.93604107446	 27.18066640394	 27.55838262960
 27.35188880438	 27.49788341061	 27.21801875630
 33.27886405748	 34.73665325928	 36.55740488639
 25.34301893260	 25.33842530013	 25.35072415819
 28.02031311541	 27.38146606036	 28.43635376989
 25.35229098386	 25.37854291990	 25.36392193683
 27.38146606036	 27.23061994349	 28.06209146985
 48.98763587409	 48.75856045928	 51.27871126915
 34.73665325928	 33.27886405748	 32.44912914516
 45.66828838278	 44.10234446309	 48.75856045928
 26.01292914115	 26.23326439233	 26.13741272531
 26.83610736122	 26.66910067501	 26.81627791723
 26.31944133083	 26.28314415925	 26.30481449853
 25.80668472206	 25.80141908668	 25.91447360223
 29.83952319668	 31.18533326646	 33.37432955708
 26.10511136012	 25.96404925328	 25.96598478586
 25.81067418190	 25.96404925328	 25.80141908668
 26.82005100757	 27.05675599744	 26.73692519768
 26.04193079806	 26.09256998241	 26.19118465568
 27.51023317148	 27.34536112340	 27.35984202976
 26.32125636704	 26.37815056146	 26.31110149423
 27.23061994349	 27.26426865969	 27.37286336881
 26.89819218484	 26.72582490856	 26.78940820840
 26.07838102465	 26.31147712812	 26.13435031367
 26.89819218484	 26.78940820840	 26.97525811824
 26.53354698895	 26.52606037460	 26.36930799031
 38.76877575203	 33.37432955708	 36.55740488639
 25.97410051305	 26.04240889985	 26.04395375867
 26.30221256048	 26.29290120974	 26.30468762327
 25.74604322502	 25.80758229475	 25.88564531503
 25.76685370873	 25.68947497485	 25.79146961440
 27.35188880438	 27.34536112340	 27.51023317148
 27.57975049739	 27.23061994349	 27.37286336881
 26.74233311923	 26.52998720733	 26.73692519768
 26.32125636704	 26.27300050868	 26.30641307996
 26.05709929305	 25.94318372545	 26.11678656866
 28.42758694552	 29.42663275722	 28.06209146985
 25.95878253185	 26.13435031367	 26.13621431837
 26.97525811824	 27.10970267617	 26.89819218484
